1765904520.9463496,"[[-300, 5, 0, 3], [-300, 750, 0, 3], [-300, 1500, 0, 3]]","[[300, 1, 1, 3], [300, 755, 1, 3], [300, 1505, 1, 3]]"
1765904521.0217326,"[[-300, 5, 0, 4], [-300, 750, 0, 4], [-300, 1500, 0, 4]]","[[300, 1, 1, 4], [300, 755, 1, 4], [300, 1505, 1, 4], [407, 2250, 852, 0]]"
1765904521.0940895,"[[-300, 5, 0, 5], [-300, 750, 0, 5], [-300, 1500, 0, 5]]","[[300, 1, 1, 5], [300, 755, 1, 5], [300, 1505, 1, 5], [407, 2249, 852, 0]]"
1765904521.1641116,"[[-300, 5, 0, 6], [-300, 750, 0, 6], [-300, 1500, 0, 6], [-275, 2246, 727, 0]]","[[300, 1, 1, 6], [300, 755, 1, 6], [300, 1505, 1, 6], [406, 2248, 852, 0]]"
1765904521.2299333,"[[-300, 5, 0, 7], [-300, 750, 0, 7], [-300, 1500, 0, 7], [-259, 2203, 727, 0]]","[[300, 1, 1, 7], [300, 755, 1, 7], [300, 1505, 1, 7], [406, 2248, 852, 0]]"
1765904521.2997766,"[[-300, 5, 0, 8], [-300, 750, 0, 8], [-300, 1500, 0, 8], [-198, 2038, 727, 0]]","[[300, 1, 1, 8], [300, 755, 1, 8], [300, 1505, 1, 8], [407, 2249, 852, 0]]"
1765904521.3657,"[[-300, 5, 0, 9], [-300, 750, 0, 9], [-300, 1500, 0, 9], [-241, 2155, 727, 0]]","[[300, 1, 1, 9], [300, 755, 1, 9], [300, 1505, 1, 9], [449, 2334, 852, 0]]"
1765904521.431656,"[[-300, 5, 0, 10], [-300, 750, 0, 10], [-300, 1500, 0, 10], [-229, 2122, 727, 0]]","[[300, 1, 1, 10], [300, 755, 1, 10], [300, 1505, 1, 10], [407, 2249, 852, 0]]"
1765904521.5056314,"[[-300, 5, 0, 11], [-300, 750, 0, 11], [-300, 1500, 0, 11], [-229, 2122, 727, 1]]","[[300, 1, 1, 11], [300, 755, 1, 11], [300, 1505, 1, 11], [406, 2248, 852, 0]]"
1765904521.5758889,"[[-300, 5, 0, 12], [-300, 750, 0, 12], [-300, 1500, 0, 12], [-262, 2211, 727, 0]]","[[300, 1, 1, 12], [300, 755, 1, 12], [300, 1505, 1, 12], [448, 2332, 852, 0]]"
1765904521.642178,"[[-300, 5, 0, 13], [-300, 750, 0, 13], [-300, 1500, 0, 13], [-293, 2294, 727, 0]]","[[300, 1, 1, 13], [300, 755, 1, 13], [300, 1505, 1, 13], [407, 2249, 852, 0]]"
1765904521.7078123,"[[-300, 5, 0, 14], [-300, 750, 0, 14], [-300, 1500, 0, 14], [-307, 2332, 727, 0]]","[[300, 1, 1, 14], [300, 755, 1, 14], [300, 1505, 1, 14], [406, 2248, 852, 0]]"
1765904521.7804382,"[[-300, 5, 0, 15], [-300, 750, 0, 15], [-300, 1500, 0, 15], [-307, 2332, 727, 0]]","[[300, 1, 1, 15], [300, 755, 1, 15], [300, 1505, 1, 15], [406, 2248, 852, 0]]"
1765904521.8494837,"[[-300, 5, 0, 16], [-300, 750, 0, 16], [-300, 1500, 0, 16], [-341, 2426, 727, 0]]","[[300, 1, 1, 16], [300, 755, 1, 16], [300, 1505, 1, 16], [407, 2249, 852, 0]]"
1765904521.9167657,"[[-300, 5, 0, 17], [-300, 750, 0, 17], [-300, 1500, 0, 17], [-259, 2202, 727, 0]]","[[300, 1, 1, 17], [300, 755, 1, 17], [300, 1505, 1, 17], [406, 2248, 852, 0]]"
1765904521.981403,"[[-300, 5, 0, 18], [-300, 750, 0, 18], [-300, 1500, 0, 18], [-275, 2247, 727, 0]]","[[300, 1, 1, 18], [300, 755, 1, 18], [300, 1505, 1, 18], [407, 2249, 852, 0]]"
1765904522.0511022,"[[-300, 5, 0, 19], [-300, 750, 0, 19], [-300, 1500, 0, 19], [-208, 2065, 727, 0]]","[[300, 1, 1, 19], [300, 755, 1, 19], [300, 1505, 1, 19], [406, 2247, 852, 0]]"
1765904522.1196036,"[[-300, 5, 0, 20], [-300, 750, 0, 20], [-300, 1500, 0, 20], [-283, 2269, 727, 0]]","[[300, 1, 1, 20], [300, 755, 1, 20], [300, 1505, 1, 20], [406, 2248, 852, 0]]"
1765904522.1838164,"[[-300, 5, 0, 21], [-300, 750, 0, 21], [-300, 1500, 0, 21], [-255, 2192, 727, 0]]","[[300, 1, 1, 21], [300, 755, 1, 21], [300, 1505, 1, 21], [449, 2333, 852, 0]]"
1765904522.2539053,"[[-300, 5, 0, 22], [-300, 750, 0, 22], [-300, 1500, 0, 22], [-243, 2160, 727, 0]]","[[300, 1, 1, 22], [300, 755, 1, 22], [300, 1505, 1, 22], [407, 2249, 852, 0]]"
1765904522.3224137,"[[-300, 5, 0, 23], [-300, 750, 0, 23], [-300, 1500, 0, 23], [-281, 2263, 727, 0]]","[[300, 1, 1, 23], [300, 755, 1, 23], [300, 1505, 1, 23], [407, 2249, 852, 0]]"
1765904522.3874397,"[[-300, 5, 0, 24], [-300, 750, 0, 24], [-300, 1500, 0, 24], [-280, 2260, 727, 0]]","[[300, 1, 1, 24], [300, 755, 1, 24], [300, 1505, 1, 24], [407, 2249, 852, 0]]"
1765904522.4618046,"[[-300, 5, 0, 25], [-300, 750, 0, 25], [-300, 1500, 0, 25], [-208, 2065, 727, 0]]","[[300, 1, 1, 25], [300, 755, 1, 25], [300, 1505, 1, 25], [450, 2335, 852, 0]]"
1765904522.5329187,"[[-300, 5, 0, 26], [-300, 750, 0, 26], [-300, 1500, 0, 26], [-298, 2307, 727, 0]]","[[300, 1, 1, 26], [300, 755, 1, 26], [300, 1505, 1, 26], [407, 2249, 852, 0]]"
1765904522.6002545,"[[-300, 5, 0, 27], [-300, 750, 0, 27], [-300, 1500, 0, 27], [-281, 2263, 727, 0]]","[[300, 1, 1, 27], [300, 755, 1, 27], [300, 1505, 1, 27], [450, 2335, 852, 0]]"
1765904522.676055,"[[-300, 5, 0, 28], [-300, 750, 0, 28], [-300, 1500, 0, 28], [-304, 2326, 727, 0]]","[[300, 1, 1, 28], [300, 755, 1, 28], [300, 1505, 1, 28], [407, 2250, 852, 0]]"
1765904522.7488124,"[[-300, 5, 0, 29], [-300, 750, 0, 29], [-300, 1500, 0, 29], [-253, 2187, 727, 0]]","[[300, 1, 1, 29], [300, 755, 1, 29], [300, 1505, 1, 29], [407, 2249, 852, 0]]"
1765904522.8158076,"[[-300, 5, 0, 30], [-300, 750, 0, 30], [-300, 1500, 0, 30], [-311, 2344, 727, 0]]","[[300, 1, 1, 30], [300, 755, 1, 30], [300, 1505, 1, 30], [407, 2250, 852, 0]]"
1765904522.890801,"[[-300, 5, 0, 31], [-300, 750, 0, 31], [-300, 1500, 0, 31], [-235, 2138, 727, 0]]","[[300, 1, 1, 31], [300, 755, 1, 31], [300, 1505, 1, 31], [407, 2250, 852, 0]]"
1765904522.965437,"[[-300, 5, 0, 32], [-300, 750, 0, 32], [-300, 1500, 0, 32], [-303, 2323, 727, 0]]","[[300, 1, 1, 32], [300, 755, 1, 32], [300, 1505, 1, 32], [407, 2250, 852, 0]]"
1765904523.0304954,"[[-300, 5, 0, 33], [-300, 750, 0, 33], [-300, 1500, 0, 33], [-259, 2203, 727, 0]]","[[300, 1, 1, 33], [300, 755, 1, 33], [300, 1505, 1, 33], [449, 2333, 852, 0]]"
1765904523.1051724,"[[-300, 5, 0, 34], [-300, 750, 0, 34], [-300, 1500, 0, 34], [-290, 2288, 727, 0]]","[[300, 1, 1, 34], [300, 755, 1, 34], [300, 1505, 1, 34], [407, 2250, 852, 0]]"
1765904523.177658,"[[-300, 5, 0, 35], [-300, 750, 0, 35], [-300, 1500, 0, 35], [-282, 2264, 727, 0]]","[[300, 1, 1, 35], [300, 755, 1, 35], [300, 1505, 1, 35], [407, 2249, 852, 0]]"
1765904523.2459538,"[[-300, 5, 0, 36], [-300, 750, 0, 36], [-300, 1500, 0, 36], [-323, 2378, 727, 0]]","[[300, 1, 1, 36], [300, 755, 1, 36], [300, 1505, 1, 36], [406, 2248, 852, 0]]"
1765904523.3206825,"[[-300, 5, 0, 37], [-300, 750, 0, 37], [-300, 1500, 0, 37], [-290, 2287, 727, 0]]","[[300, 1, 1, 37], [300, 755, 1, 37], [300, 1505, 1, 37], [406, 2248, 852, 0]]"
1765904523.3925889,"[[-300, 5, 0, 38], [-300, 750, 0, 38], [-300, 1500, 0, 38], [-287, 2280, 727, 0]]","[[300, 1, 1, 38], [300, 755, 1, 38], [300, 1505, 1, 38], [407, 2250, 852, 0]]"
1765904523.4589124,"[[-300, 5, 0, 39], [-300, 750, 0, 39], [-300, 1500, 0, 39], [-294, 2452, 727, 0]]","[[300, 1, 1, 39], [300, 755, 1, 39], [300, 1505, 1, 39], [407, 2250, 852, 0]]"
1765904523.533805,"[[-300, 5, 0, 40], [-300, 750, 0, 40], [-300, 1500, 0, 40], [-279, 2257, 727, 0]]","[[300, 1, 1, 40], [300, 755, 1, 40], [300, 1505, 1, 40], [407, 2249, 852, 0]]"
1765904523.6065664,"[[-300, 5, 0, 41], [-300, 750, 0, 41], [-300, 1500, 0, 41], [-261, 2208, 727, 0]]","[[300, 1, 1, 41], [300, 755, 1, 41], [300, 1505, 1, 41], [407, 2250, 852, 0]]"
1765904523.6715107,"[[-300, 5, 0, 42], [-300, 750, 0, 42], [-300, 1500, 0, 42], [-244, 2161, 727, 0]]","[[300, 1, 1, 42], [300, 755, 1, 42], [300, 1505, 1, 42], [450, 2335, 852, 0]]"
1765904523.746221,"[[-300, 5, 0, 43], [-300, 750, 0, 43], [-300, 1500, 0, 43], [-244, 2161, 727, 0]]","[[300, 1, 1, 43], [300, 755, 1, 43], [300, 1505, 1, 43], [407, 2249, 852, 0]]"
1765904523.8158395,"[[-300, 5, 0, 44], [-300, 750, 0, 44], [-300, 1500, 0, 44], [-274, 2244, 727, 0]]","[[300, 1, 1, 44], [300, 755, 1, 44], [300, 1505, 1, 44], [407, 2250, 852, 0]]"
1765904523.882788,"[[-300, 5, 0, 45], [-300, 750, 0, 45], [-300, 1500, 0, 45], [-240, 2152, 727, 0]]","[[300, 1, 1, 45], [300, 755, 1, 45], [300, 1505, 1, 45], [407, 2249, 852, 0]]"
1765904523.9497328,"[[-300, 5, 0, 46], [-300, 750, 0, 46], [-300, 1500, 0, 46], [-240, 2152, 727, 1]]","[[300, 1, 1, 46], [300, 755, 1, 46], [300, 1505, 1, 46], [449, 2333, 852, 0]]"
1765904524.0252492,"[[-300, 5, 0, 47], [-300, 750, 0, 47], [-300, 1500, 0, 47], [-226, 2114, 727, 0]]","[[300, 1, 1, 47], [300, 755, 1, 47], [300, 1505, 1, 47], [407, 2249, 852, 0]]"
1765904524.0963674,"[[-300, 5, 0, 48], [-300, 750, 0, 48], [-300, 1500, 0, 48], [-226, 2114, 727, 1], [-324, 2379, 988, 0]]","[[300, 1, 1, 48], [300, 755, 1, 48], [300, 1505, 1, 48], [407, 2249, 852, 0]]"
1765904524.162247,"[[-300, 5, 0, 49], [-300, 750, 0, 49], [-300, 1500, 0, 49], [-245, 2164, 727, 0], [-324, 2379, 988, 1]]","[[300, 1, 1, 49], [300, 755, 1, 49], [300, 1505, 1, 49], [407, 2250, 852, 0]]"
1765904524.2364044,"[[-300, 5, 0, 50], [-300, 750, 0, 50], [-300, 1500, 0, 50], [-225, 2111, 727, 0], [-324, 2379, 988, 2]]","[[300, 1, 1, 50], [300, 755, 1, 50], [300, 1505, 1, 50], [407, 2250, 852, 0]]"
1765904524.3067122,"[[-300, 5, 0, 51], [-300, 750, 0, 51], [-300, 1500, 0, 51], [-225, 2111, 727, 1], [-298, 2307, 988, 0]]","[[300, 1, 1, 51], [300, 755, 1, 51], [300, 1505, 1, 51], [407, 2250, 852, 0]]"
1765904524.3750904,"[[-300, 5, 0, 52], [-300, 750, 0, 52], [-300, 1500, 0, 52], [-225, 2111, 727, 2], [-281, 2261, 988, 0]]","[[300, 1, 1, 52], [300, 755, 1, 52], [300, 1505, 1, 52], [407, 2249, 852, 0]]"
1765904524.4426768,"[[-300, 5, 0, 53], [-300, 750, 0, 53], [-300, 1500, 0, 53], [-225, 2111, 727, 3], [-274, 2243, 988, 0]]","[[300, 1, 1, 53], [300, 755, 1, 53], [300, 1505, 1, 53], [407, 2249, 852, 0]]"
1765904524.5169942,"[[-300, 5, 0, 54], [-300, 750, 0, 54], [-300, 1500, 0, 54], [-225, 2111, 727, 4], [-271, 2236, 988, 0]]","[[300, 1, 1, 54], [300, 755, 1, 54], [300, 1505, 1, 54], [407, 2251, 852, 0]]"
1765904524.5898821,"[[-300, 5, 0, 55], [-300, 750, 0, 55], [-300, 1500, 0, 55], [-217, 2090, 727, 0], [-271, 2236, 988, 1]]","[[300, 1, 1, 55], [300, 755, 1, 55], [300, 1505, 1, 55], [407, 2250, 852, 0]]"
1765904524.6629367,"[[-300, 5, 0, 56], [-300, 750, 0, 56], [-300, 1500, 0, 56], [-217, 2090, 727, 1], [-304, 2325, 988, 0]]","[[300, 1, 1, 56], [300, 755, 1, 56], [300, 1505, 1, 56], [407, 2250, 852, 0]]"
1765904524.7320619,"[[-300, 5, 0, 57], [-300, 750, 0, 57], [-300, 1500, 0, 57], [-217, 2090, 727, 2], [-294, 2454, 988, 0]]","[[300, 1, 1, 57], [300, 755, 1, 57], [300, 1505, 1, 57], [406, 2248, 852, 0]]"
1765904524.7987554,"[[-280, 1, 0, 58], [-290, 746, 0, 58], [-299, 1496, 0, 58], [-194, 2028, 727, 0], [-306, 2450, 988, 1]]","[[319, 4, 1, 58], [309, 758, 1, 58], [299, 1508, 1, 58], [407, 2250, 852, 0]]"
1765904524.8726199,"[[-280, 1, 0, 59], [-290, 746, 0, 59], [-299, 1496, 0, 59], [-254, 2190, 727, 0], [-306, 2450, 988, 2]]","[[319, 4, 1, 59], [309, 758, 1, 59], [299, 1508, 1, 59], [407, 2249, 852, 0]]"
1765904524.9440784,"[[-280, 1, 0, 60], [-290, 746, 0, 60], [-299, 1496, 0, 60], [-245, 2164, 727, 0], [-306, 2450, 988, 3]]","[[319, 4, 1, 60], [309, 758, 1, 60], [299, 1508, 1, 60], [407, 2249, 852, 0]]"
1765904525.0115252,"[[-280, 1, 0, 61], [-290, 746, 0, 61], [-299, 1496, 0, 61], [-291, 2289, 727, 0], [-306, 2450, 988, 4]]","[[319, 4, 1, 61], [309, 758, 1, 61], [299, 1508, 1, 61], [407, 2249, 852, 0]]"
1765904525.0855815,"[[-280, 1, 0, 62], [-290, 746, 0, 62], [-299, 1496, 0, 62], [-256, 2194, 727, 0]]","[[319, 4, 1, 62], [309, 758, 1, 62], [299, 1508, 1, 62], [407, 2250, 852, 0]]"
1765904525.1577413,"[[-280, 1, 0, 63], [-290, 746, 0, 63], [-299, 1496, 0, 63], [-259, 2203, 727, 0]]","[[319, 4, 1, 63], [309, 758, 1, 63], [299, 1508, 1, 63], [407, 2249, 852, 0]]"
1765904525.2238343,"[[-280, 1, 0, 64], [-290, 746, 0, 64], [-299, 1496, 0, 64], [-314, 2352, 727, 0]]","[[319, 4, 1, 64], [309, 758, 1, 64], [299, 1508, 1, 64], [407, 2250, 852, 0]]"
1765904525.296454,"[[-280, 1, 0, 65], [-290, 746, 0, 65], [-299, 1496, 0, 65], [-263, 2214, 727, 0]]","[[319, 4, 1, 65], [309, 758, 1, 65], [299, 1508, 1, 65], [407, 2249, 852, 0]]"
1765904525.3667288,"[[-280, 1, 0, 66], [-290, 746, 0, 66], [-299, 1496, 0, 66], [-263, 2214, 727, 0]]","[[319, 4, 1, 66], [309, 758, 1, 66], [299, 1508, 1, 66], [406, 2248, 852, 0]]"
1765904525.434305,"[[-280, 1, 0, 67], [-290, 746, 0, 67], [-299, 1496, 0, 67], [-294, 2297, 727, 0]]","[[319, 4, 1, 67], [309, 758, 1, 67], [299, 1508, 1, 67], [407, 2249, 852, 0]]"
1765904525.4996257,"[[-280, 1, 0, 68], [-290, 746, 0, 68], [-299, 1496, 0, 68], [-212, 2076, 727, 0]]","[[319, 4, 1, 68], [309, 758, 1, 68], [299, 1508, 1, 68], [449, 2333, 852, 0]]"
1765904525.573093,"[[-280, 1, 0, 69], [-290, 746, 0, 69], [-299, 1496, 0, 69], [-212, 2076, 727, 1]]","[[319, 4, 1, 69], [309, 758, 1, 69], [299, 1508, 1, 69], [407, 2250, 852, 0]]"
1765904525.645197,"[[-280, 1, 0, 70], [-290, 746, 0, 70], [-299, 1496, 0, 70], [-271, 2235, 727, 0]]","[[319, 4, 1, 70], [309, 758, 1, 70], [299, 1508, 1, 70], [406, 2248, 852, 0]]"
1765904525.7103655,"[[-280, 1, 0, 71], [-290, 746, 0, 71], [-299, 1496, 0, 71], [-293, 2296, 727, 0]]","[[319, 4, 1, 71], [309, 758, 1, 71], [299, 1508, 1, 71], [406, 2248, 852, 0]]"
1765904525.7861686,"[[-280, 1, 0, 72], [-290, 746, 0, 72], [-299, 1496, 0, 72], [-323, 2378, 727, 0]]","[[319, 4, 1, 72], [309, 758, 1, 72], [299, 1508, 1, 72], [407, 2250, 852, 0]]"
1765904525.8573146,"[[-280, 1, 0, 73], [-290, 746, 0, 73], [-299, 1496, 0, 73], [-253, 2187, 727, 0]]","[[319, 4, 1, 73], [309, 758, 1, 73], [299, 1508, 1, 73], [449, 2333, 852, 0]]"
1765904525.924314,"[[-280, 1, 0, 74], [-290, 746, 0, 74], [-299, 1496, 0, 74], [-217, 2090, 727, 0]]","[[319, 4, 1, 74], [309, 758, 1, 74], [299, 1508, 1, 74], [449, 2334, 852, 0]]"
1765904525.9997957,"[[-280, 1, 0, 75], [-290, 746, 0, 75], [-299, 1496, 0, 75], [-281, 2261, 727, 0]]","[[319, 4, 1, 75], [309, 758, 1, 75], [299, 1508, 1, 75], [407, 2249, 852, 0]]"
1765904526.071757,"[[-280, 1, 0, 76], [-290, 746, 0, 76], [-299, 1496, 0, 76], [-273, 2240, 727, 0]]","[[319, 4, 1, 76], [309, 758, 1, 76], [299, 1508, 1, 76], [406, 2248, 852, 0]]"
1765904526.1403136,"[[-280, 1, 0, 77], [-290, 746, 0, 77], [-299, 1496, 0, 77], [-244, 2161, 727, 0]]","[[319, 4, 1, 77], [309, 758, 1, 77], [299, 1508, 1, 77], [407, 2249, 852, 0]]"
1765904526.2148094,"[[-280, 1, 0, 78], [-290, 746, 0, 78], [-299, 1496, 0, 78], [-323, 2376, 727, 0]]","[[319, 4, 1, 78], [309, 758, 1, 78], [299, 1508, 1, 78], [406, 2247, 852, 0]]"
1765904526.287632,"[[-280, 1, 0, 79], [-290, 746, 0, 79], [-299, 1496, 0, 79], [-313, 2349, 727, 0]]","[[319, 4, 1, 79], [309, 758, 1, 79], [299, 1508, 1, 79], [405, 2246, 852, 0]]"
1765904526.3546734,"[[-280, 1, 0, 80], [-290, 746, 0, 80], [-299, 1496, 0, 80], [-302, 2320, 727, 0]]","[[319, 4, 1, 80], [309, 758, 1, 80], [299, 1508, 1, 80], [405, 2246, 852, 0]]"
1765904526.4279997,"[[-280, 1, 0, 81], [-290, 746, 0, 81], [-299, 1496, 0, 81], [-292, 2442, 727, 0]]","[[319, 4, 1, 81], [309, 758, 1, 81], [299, 1508, 1, 81], [403, 2242, 852, 0]]"
1765904526.5014331,"[[-280, 1, 0, 82], [-290, 746, 0, 82], [-299, 1496, 0, 82], [-290, 2434, 727, 0]]","[[319, 4, 1, 82], [309, 758, 1, 82], [299, 1508, 1, 82], [401, 2239, 852, 0]]"
1765904526.5694113,"[[-280, 1, 0, 83], [-290, 746, 0, 83], [-299, 1496, 0, 83], [-289, 2438, 727, 0]]","[[319, 4, 1, 83], [309, 758, 1, 83], [299, 1508, 1, 83], [401, 2239, 852, 0]]"
1765904526.6441274,"[[-280, 1, 0, 84], [-290, 746, 0, 84], [-299, 1496, 0, 84], [-294, 2448, 727, 0]]","[[319, 4, 1, 84], [309, 758, 1, 84], [299, 1508, 1, 84], [404, 2245, 852, 0]]"
1765904526.7152095,"[[-280, 1, 0, 85], [-290, 746, 0, 85], [-299, 1496, 0, 85], [-295, 2452, 727, 0]]","[[319, 4, 1, 85], [309, 758, 1, 85], [299, 1508, 1, 85], [407, 2249, 852, 0]]"
1765904526.7803037,"[[-280, 1, 0, 86], [-290, 746, 0, 86], [-299, 1496, 0, 86], [-340, 2423, 727, 0]]","[[319, 4, 1, 86], [309, 758, 1, 86], [299, 1508, 1, 86], [407, 2250, 852, 0]]"
1765904526.8556633,"[[-280, 1, 0, 87], [-290, 746, 0, 87], [-299, 1496, 0, 87], [-325, 2382, 727, 0]]","[[319, 4, 1, 87], [309, 758, 1, 87], [299, 1508, 1, 87], [407, 2249, 852, 0]]"
1765904526.9262571,"[[-280, 1, 0, 88], [-290, 746, 0, 88], [-299, 1496, 0, 88], [-294, 2448, 727, 0]]","[[319, 4, 1, 88], [309, 758, 1, 88], [299, 1508, 1, 88], [406, 2247, 852, 0]]"
1765904526.993907,"[[-280, 1, 0, 89], [-290, 746, 0, 89], [-299, 1496, 0, 89], [-296, 2454, 727, 0]]","[[319, 4, 1, 89], [309, 758, 1, 89], [299, 1508, 1, 89], [407, 2251, 852, 0]]"
1765904527.069422,"[[-280, 1, 0, 90], [-290, 746, 0, 90], [-299, 1496, 0, 90], [-322, 2378, 727, 0]]","[[319, 4, 1, 90], [309, 758, 1, 90], [299, 1508, 1, 90], [410, 2255, 852, 0]]"
1765904527.139843,"[[-280, 1, 0, 91], [-290, 746, 0, 91], [-299, 1496, 0, 91], [-312, 2352, 727, 0]]","[[319, 4, 1, 91], [309, 758, 1, 91], [299, 1508, 1, 91], [410, 2256, 852, 0]]"
1765904527.2093065,"[[-280, 1, 0, 92], [-290, 746, 0, 92], [-299, 1496, 0, 92], [-313, 2354, 727, 0]]","[[319, 4, 1, 92], [309, 758, 1, 92], [299, 1508, 1, 92], [411, 2257, 852, 0]]"
1765904527.2752151,"[[-280, 1, 0, 93], [-290, 746, 0, 93], [-299, 1496, 0, 93], [-328, 2394, 727, 0]]","[[319, 4, 1, 93], [309, 758, 1, 93], [299, 1508, 1, 93], [408, 2253, 852, 0]]"
1765904527.3462255,"[[-280, 1, 0, 94], [-290, 746, 0, 94], [-299, 1496, 0, 94], [-325, 2387, 727, 0]]","[[319, 4, 1, 94], [309, 758, 1, 94], [299, 1508, 1, 94], [408, 2253, 852, 0]]"
1765904527.4145358,"[[-280, 1, 0, 95], [-290, 746, 0, 95], [-299, 1496, 0, 95], [-337, 2418, 727, 0]]","[[319, 4, 1, 95], [309, 758, 1, 95], [299, 1508, 1, 95], [408, 2253, 852, 0]]"
1765904527.4813845,"[[-280, 1, 0, 96], [-290, 746, 0, 96], [-299, 1496, 0, 96], [-268, 2232, 727, 0]]","[[319, 4, 1, 96], [309, 758, 1, 96], [299, 1508, 1, 96], [408, 2252, 852, 0]]"
1765904527.5543985,"[[-280, 1, 0, 97], [-290, 746, 0, 97], [-299, 1496, 0, 97], [-294, 2455, 727, 0]]","[[319, 4, 1, 97], [309, 758, 1, 97], [299, 1508, 1, 97], [408, 2253, 852, 0]]"
1765904527.6298203,"[[-280, 1, 0, 98], [-290, 746, 0, 98], [-299, 1496, 0, 98], [-295, 2457, 727, 0]]","[[319, 4, 1, 98], [309, 758, 1, 98], [299, 1508, 1, 98], [408, 2253, 852, 0]]"
1765904527.7033048,"[[-280, 1, 0, 99], [-290, 746, 0, 99], [-299, 1496, 0, 99], [-279, 2260, 727, 0]]","[[319, 4, 1, 99], [309, 758, 1, 99], [299, 1508, 1, 99], [409, 2254, 852, 0]]"
1765904527.770929,"[[-280, 1, 0, 100], [-290, 746, 0, 100], [-299, 1496, 0, 100], [-295, 2457, 727, 0]]","[[319, 4, 1, 100], [309, 758, 1, 100], [299, 1508, 1, 100], [408, 2252, 852, 0]]"
1765904527.8468642,"[[-280, 1, 0, 101], [-290, 746, 0, 101], [-299, 1496, 0, 101], [-294, 2301, 727, 0]]","[[319, 4, 1, 101], [309, 758, 1, 101], [299, 1508, 1, 101], [408, 2253, 852, 0]]"
1765904527.919615,"[[-280, 1, 0, 102], [-290, 746, 0, 102], [-299, 1496, 0, 102], [-322, 2379, 727, 0]]","[[319, 4, 1, 102], [309, 758, 1, 102], [299, 1508, 1, 102], [408, 2253, 852, 0]]"
1765904527.9859705,"[[-280, 1, 0, 103], [-290, 746, 0, 103], [-299, 1496, 0, 103], [-328, 2393, 727, 0]]","[[319, 4, 1, 103], [309, 758, 1, 103], [299, 1508, 1, 103], [408, 2253, 852, 0]]"
1765904528.055608,"[[-280, 1, 0, 104], [-290, 746, 0, 104], [-299, 1496, 0, 104], [-328, 2393, 727, 1]]","[[319, 4, 1, 104], [309, 758, 1, 104], [299, 1508, 1, 104], [409, 2254, 852, 0]]"
1765904528.1239293,"[[-280, 1, 0, 105], [-290, 746, 0, 105], [-299, 1496, 0, 105], [-259, 2207, 727, 0]]","[[319, 4, 1, 105], [309, 758, 1, 105], [299, 1508, 1, 105], [408, 2252, 852, 0]]"
1765904528.190948,"[[-280, 1, 0, 106], [-290, 746, 0, 106], [-299, 1496, 0, 106], [-296, 2455, 727, 0]]","[[319, 4, 1, 106], [309, 758, 1, 106], [299, 1508, 1, 106], [408, 2253, 852, 0]]"
1765904528.2652133,"[[-280, 1, 0, 107], [-290, 746, 0, 107], [-299, 1496, 0, 107], [-335, 2413, 727, 0]]","[[319, 4, 1, 107], [309, 758, 1, 107], [299, 1508, 1, 107], [408, 2253, 852, 0]]"
1765904528.336373,"[[-280, 1, 0, 108], [-290, 746, 0, 108], [-299, 1496, 0, 108], [-297, 2457, 727, 0]]","[[319, 4, 1, 108], [309, 758, 1, 108], [299, 1508, 1, 108], [409, 2254, 852, 0]]"
1765904528.4067552,"[[-280, 1, 0, 109], [-290, 746, 0, 109], [-299, 1496, 0, 109], [-280, 2265, 727, 0]]","[[319, 4, 1, 109], [309, 758, 1, 109], [299, 1508, 1, 109], [408, 2253, 852, 0]]"
1765904528.475199,"[[-280, 1, 0, 110], [-290, 746, 0, 110], [-299, 1496, 0, 110], [-296, 2455, 727, 0]]","[[319, 4, 1, 110], [309, 758, 1, 110], [299, 1508, 1, 110], [408, 2253, 852, 0]]"
1765904528.548641,"[[-280, 1, 0, 111], [-290, 746, 0, 111], [-299, 1496, 0, 111], [-339, 2423, 727, 0]]","[[319, 4, 1, 111], [309, 758, 1, 111], [299, 1508, 1, 111], [408, 2252, 852, 0]]"
1765904528.6181684,"[[-280, 1, 0, 112], [-290, 746, 0, 112], [-299, 1496, 0, 112], [-335, 2415, 727, 0]]","[[319, 4, 1, 112], [309, 758, 1, 112], [299, 1508, 1, 112], [449, 2333, 852, 0]]"
1765904528.684971,"[[-280, 1, 0, 113], [-290, 746, 0, 113], [-299, 1496, 0, 113], [-284, 2276, 727, 0]]","[[319, 4, 1, 113], [309, 758, 1, 113], [299, 1508, 1, 113], [408, 2252, 852, 0]]"
1765904528.7512264,"[[-280, 1, 0, 114], [-290, 746, 0, 114], [-299, 1496, 0, 114], [-292, 2297, 727, 0]]","[[319, 4, 1, 114], [309, 758, 1, 114], [299, 1508, 1, 114], [407, 2251, 852, 0]]"
1765904528.8184776,"[[-280, 1, 0, 115], [-290, 746, 0, 115], [-299, 1496, 0, 115], [-314, 2357, 727, 0]]","[[319, 4, 1, 115], [309, 758, 1, 115], [299, 1508, 1, 115], [407, 2251, 852, 0]]"
1765904528.8842323,"[[-280, 1, 0, 116], [-290, 746, 0, 116], [-299, 1496, 0, 116], [-295, 2458, 727, 0]]","[[319, 4, 1, 116], [309, 758, 1, 116], [299, 1508, 1, 116], [408, 2253, 852, 0]]"
1765904528.9581754,"[[-280, 1, 0, 117], [-290, 746, 0, 117], [-299, 1496, 0, 117], [-284, 2276, 727, 0]]","[[319, 4, 1, 117], [309, 758, 1, 117], [299, 1508, 1, 117], [407, 2251, 852, 0]]"
1765904529.0291169,"[[-280, 1, 0, 118], [-290, 746, 0, 118], [-299, 1496, 0, 118], [-296, 2459, 727, 0]]","[[319, 4, 1, 118], [309, 758, 1, 118], [299, 1508, 1, 118], [408, 2252, 852, 0]]"
1765904529.0949512,"[[-280, 1, 0, 119], [-290, 746, 0, 119], [-299, 1496, 0, 119], [-310, 2344, 727, 0]]","[[319, 4, 1, 119], [309, 758, 1, 119], [299, 1508, 1, 119], [408, 2253, 852, 0]]"
1765904529.1597924,"[[-280, 1, 0, 120], [-290, 746, 0, 120], [-299, 1496, 0, 120], [-297, 2310, 727, 0]]","[[319, 4, 1, 120], [309, 758, 1, 120], [299, 1508, 1, 120], [407, 2250, 852, 0]]"
1765904529.2333138,"[[-280, 1, 0, 121], [-290, 746, 0, 121], [-299, 1496, 0, 121], [-330, 2401, 727, 0]]","[[319, 4, 1, 121], [309, 758, 1, 121], [299, 1508, 1, 121], [407, 2250, 852, 0]]"
1765904529.3028324,"[[-280, 1, 0, 122], [-290, 746, 0, 122], [-299, 1496, 0, 122], [-295, 2458, 727, 0]]","[[319, 4, 1, 122], [309, 758, 1, 122], [299, 1508, 1, 122], [407, 2251, 852, 0]]"
1765904529.3711116,"[[-280, 1, 0, 123], [-290, 746, 0, 123], [-299, 1496, 0, 123], [-340, 2426, 727, 0]]","[[319, 4, 1, 123], [309, 758, 1, 123], [299, 1508, 1, 123], [408, 2252, 852, 0]]"
1765904529.4463563,"[[-280, 1, 0, 124], [-290, 746, 0, 124], [-299, 1496, 0, 124], [-326, 2389, 727, 0]]","[[319, 4, 1, 124], [309, 758, 1, 124], [299, 1508, 1, 124], [407, 2251, 852, 0]]"
1765904529.5179424,"[[-280, 1, 0, 125], [-290, 746, 0, 125], [-299, 1496, 0, 125], [-326, 2389, 727, 1]]","[[319, 4, 1, 125], [309, 758, 1, 125], [299, 1508, 1, 125], [408, 2252, 852, 0]]"
1765904529.5862732,"[[-280, 1, 0, 126], [-290, 746, 0, 126], [-299, 1496, 0, 126], [-326, 2389, 727, 0]]","[[319, 4, 1, 126], [309, 758, 1, 126], [299, 1508, 1, 126], [408, 2252, 852, 0]]"
1765904529.6528432,"[[-280, 1, 0, 127], [-290, 746, 0, 127], [-299, 1496, 0, 127], [-345, 2440, 727, 0]]","[[319, 4, 1, 127], [309, 758, 1, 127], [299, 1508, 1, 127], [408, 2253, 852, 0]]"
1765904529.7236867,"[[-280, 1, 0, 128], [-290, 746, 0, 128], [-299, 1496, 0, 128], [-297, 2457, 727, 0]]","[[319, 4, 1, 128], [309, 758, 1, 128], [299, 1508, 1, 128], [408, 2253, 852, 0]]"
1765904529.7928085,"[[-280, 1, 0, 129], [-290, 746, 0, 129], [-299, 1496, 0, 129], [-295, 2458, 727, 0]]","[[319, 4, 1, 129], [309, 758, 1, 129], [299, 1508, 1, 129], [408, 2252, 852, 0]]"
1765904529.8600307,"[[-280, 1, 0, 130], [-290, 746, 0, 130], [-299, 1496, 0, 130], [-322, 2379, 727, 0]]","[[319, 4, 1, 130], [309, 758, 1, 130], [299, 1508, 1, 130], [408, 2252, 852, 0]]"
1765904529.9340281,"[[-280, 1, 0, 131], [-290, 746, 0, 131], [-299, 1496, 0, 131], [-332, 2405, 727, 0]]","[[319, 4, 1, 131], [309, 758, 1, 131], [299, 1508, 1, 131], [408, 2252, 852, 0]]"
1765904530.0025043,"[[-280, 1, 0, 132], [-290, 746, 0, 132], [-299, 1496, 0, 132], [-295, 2457, 727, 0]]","[[319, 4, 1, 132], [309, 758, 1, 132], [299, 1508, 1, 132], [408, 2253, 852, 0]]"
1765904530.068767,"[[-280, 1, 0, 133], [-290, 746, 0, 133], [-299, 1496, 0, 133], [-322, 2378, 727, 0]]","[[319, 4, 1, 133], [309, 758, 1, 133], [299, 1508, 1, 133], [408, 2252, 852, 0]]"
1765904530.1422267,"[[-280, 1, 0, 134], [-290, 746, 0, 134], [-299, 1496, 0, 134], [-297, 2310, 727, 0]]","[[319, 4, 1, 134], [309, 758, 1, 134], [299, 1508, 1, 134], [408, 2253, 852, 0]]"
1765904530.216511,"[[-299, 4, 0, 135], [-299, 749, 0, 135], [-299, 1499, 0, 135], [-299, 2314, 727, 0]]","[[299, 0, 1, 135], [299, 754, 1, 135], [299, 1504, 1, 135], [408, 2253, 852, 0]]"
1765904530.2857542,"[[-297, 3, 0, 136], [-298, 748, 0, 136], [-298, 1498, 0, 136], [-278, 2257, 727, 0]]","[[300, 0, 1, 136], [299, 754, 1, 136], [298, 1504, 1, 136], [408, 2252, 852, 0]]"
1765904530.3619704,"[[-300, 738, 0, 137], [-298, 1488, 0, 137], [-295, 2458, 727, 0]]","[[296, 742, 1, 137], [298, 1492, 1, 137], [407, 2251, 852, 0]]"
1765904530.4361582,"[[-299, 722, 0, 138], [-297, 1472, 0, 138], [-296, 2442, 727, 1]]","[[296, 726, 1, 138], [298, 1476, 1, 138], [413, 2261, 852, 0]]"
1765904530.5029824,"[[-299, 701, 0, 139], [-297, 1451, 0, 139], [-265, 2223, 727, 0]]","[[295, 704, 1, 139], [297, 1454, 1, 139], [436, 2303, 852, 0]]"
1765904530.578759,"[[-299, 659, 0, 140], [-297, 1409, 0, 140], [-264, 2181, 727, 1]]","[[294, 662, 1, 140], [296, 1412, 1, 140], [232, 2416, 852, 0]]"
1765904530.6506603,"[[-300, 628, 0, 141], [-297, 1378, 0, 141], [-262, 2150, 727, 2], [-355, 2444, 1034, 0]]","[[292, 630, 1, 141], [295, 1380, 1, 141], [399, 2236, 852, 0]]"
1765904530.7165217,"[[-303, 598, 0, 142], [-297, 1348, 0, 142], [-259, 2119, 727, 3], [-292, 2414, 1034, 0]]","[[288, 597, 1, 142], [294, 1347, 1, 142], [389, 2217, 852, 0]]"
1765904530.78903,"[[-300, 566, 0, 143], [-296, 1316, 0, 143], [-260, 2087, 727, 4], [-289, 2391, 1034, 0]]","[[290, 566, 1, 143], [294, 1316, 1, 143], [385, 2207, 852, 0]]"
1765904530.8589427,"[[-299, 529, 0, 144], [-295, 1279, 0, 144], [-260, 2050, 727, 5], [-281, 2343, 1034, 0]]","[[290, 529, 1, 144], [294, 1279, 1, 144], [343, 2137, 852, 0]]"
1765904530.9246256,"[[-300, 492, 0, 145], [-295, 1242, 0, 145], [-72, 2067, 727, 0], [-339, 2323, 1034, 0]]","[[288, 492, 1, 145], [293, 1242, 1, 145], [375, 2188, 852, 0]]"
1765904530.9896157,"[[-302, 456, 0, 146], [-295, 1206, 0, 146], [-70, 2030, 727, 1], [-287, 2292, 1034, 0]]","[[285, 454, 1, 146], [292, 1204, 1, 146], [363, 2167, 852, 0]]"
1765904531.0563424,"[[-304, 420, 0, 147], [-295, 1170, 0, 147], [-68, 1993, 727, 2], [-338, 2237, 1034, 0]]","[[282, 416, 1, 147], [291, 1166, 1, 147], [364, 2129, 852, 1]]"
1765904531.1211483,"[[-304, 378, 0, 148], [-295, 1128, 0, 148], [-189, 1897, 727, 0], [-337, 2195, 1034, 1]]","[[281, 374, 1, 148], [290, 1124, 1, 148], [364, 2087, 852, 2]]"
1765904531.1935194,"[[-307, 342, 0, 149], [-296, 1092, 0, 149], [-187, 1861, 727, 1], [-306, 2220, 1034, 0]]","[[277, 336, 1, 149], [288, 1086, 1, 149], [365, 2049, 852, 3]]"
1765904531.262626,"[[-309, 295, 0, 150], [-296, 1045, 0, 150], [-186, 1814, 727, 2], [-337, 2197, 1034, 0], [-283, 3434, 2029, 0]]","[[274, 288, 1, 150], [287, 1038, 1, 150], [365, 2001, 852, 4]]"
1765904531.3260312,"[[-309, 253, 0, 151], [-296, 1003, 0, 151], [-186, 1772, 727, 3], [-337, 2155, 1034, 1], [-281, 3352, 2029, 0]]","[[274, 246, 1, 151], [287, 996, 1, 151], [365, 1959, 852, 5]]"
1765904531.3961406,"[[-306, 205, 0, 152], [-295, 955, 0, 152], [-186, 1724, 727, 4], [-338, 2107, 1034, 2], [-290, 3374, 2029, 0]]","[[276, 199, 1, 152], [287, 949, 1, 152], [364, 1912, 852, 6]]"
1765904531.4622815,"[[-307, 163, 0, 153], [-295, 913, 0, 153], [-185, 1682, 727, 5], [-337, 2065, 1034, 3], [-286, 3289, 2029, 0]]","[[274, 157, 1, 153], [286, 907, 1, 153], [364, 1870, 852, 7]]"
1765904531.5260131,"[[-312, 122, 0, 154], [-297, 872, 0, 154], [-184, 1641, 727, 6], [-334, 2024, 1034, 4], [-297, 3284, 2029, 0]]","[[268, 114, 1, 154], [283, 864, 1, 154], [365, 1826, 852, 8], [488, 3168, 1724, 0]]"
1765904531.5864158,"[[-306, 73, 0, 155], [-294, 823, 0, 155], [-184, 1593, 727, 7], [-336, 1975, 1034, 5], [-291, 3198, 2029, 0]]","[[273, 68, 1, 155], [285, 818, 1, 155], [363, 1780, 852, 9], [481, 3123, 1724, 1]]"
1765904531.6527948,"[[-306, 31, 0, 156], [-294, 781, 0, 156], [-184, 1551, 727, 8], [-336, 1933, 1034, 6], [-303, 3229, 2029, 0]]","[[273, 26, 1, 156], [285, 776, 1, 156], [363, 1738, 852, 10], [445, 2951, 1724, 0]]"
1765904531.7148523,"[[-292, 733, 0, 157], [-184, 1503, 727, 9], [-336, 1885, 1034, 7], [-297, 3183, 2029, 0]]","[[286, 729, 1, 157], [362, 1691, 852, 11], [493, 3046, 1724, 0]]"
1765904531.7762818,"[[-296, 692, 0, 158], [-183, 1462, 727, 10], [-333, 1845, 1034, 8], [-298, 3094, 2029, 0]]","[[281, 685, 1, 158], [363, 1647, 852, 12], [407, 2769, 1724, 0]]"
1765904531.845825,"[[-299, 651, 0, 159], [-183, 1421, 727, 11], [-331, 1804, 1034, 9], [-291, 3046, 2029, 0]]","[[277, 642, 1, 159], [363, 1603, 852, 13], [474, 2905, 1724, 0]]"
1765904531.9138148,"[[-302, 605, 0, 160], [-183, 1374, 727, 12], [-329, 1758, 1034, 10], [-290, 3014, 2029, 0]]","[[273, 594, 1, 160], [363, 1554, 852, 14], [487, 2890, 1724, 0]]"
1765904531.9778526,"[[-303, 563, 0, 161], [-183, 1332, 727, 13], [-328, 1716, 1034, 11], [-291, 2988, 2029, 0]]","[[271, 552, 1, 161], [363, 1511, 852, 15], [488, 2847, 1724, 1]]"
1765904532.0489986,"[[-307, 517, 0, 162], [-183, 1286, 727, 14], [-326, 1670, 1034, 12], [-294, 2931, 2029, 0]]","[[266, 503, 1, 162], [363, 1462, 852, 16], [387, 2550, 1724, 0]]"
1765904532.1167188,"[[-312, 477, 0, 163], [-184, 1245, 727, 15], [-324, 1630, 1034, 13], [-291, 2881, 2029, 0]]","[[260, 459, 1, 163], [362, 1418, 852, 17], [393, 2506, 1724, 1]]"
1765904532.1800385,"[[-315, 431, 0, 164], [-184, 1198, 727, 16], [-323, 1584, 1034, 14], [-300, 2847, 2029, 0]]","[[256, 411, 1, 164], [361, 1369, 852, 18], [396, 2457, 1724, 2], [479, 2754, 1369, 0]]"
1765904532.2500253,"[[-318, 390, 0, 165], [-185, 1157, 727, 17], [-322, 1543, 1034, 15], [-308, 2786, 2029, 0]]","[[252, 368, 1, 165], [360, 1326, 852, 19], [264, 2213, 1724, 0], [483, 2710, 1369, 1]]"
1765904532.3188217,"[[-322, 349, 0, 166], [-186, 1116, 727, 18], [-321, 1502, 1034, 16], [-306, 2748, 2029, 0]]","[[247, 325, 1, 166], [359, 1283, 852, 20], [318, 2350, 1724, 0], [487, 2666, 1369, 2]]"
1765904532.383892,"[[-322, 307, 0, 167], [-186, 1074, 727, 19], [-320, 1460, 1034, 17], [-308, 2690, 2029, 0]]","[[246, 283, 1, 167], [358, 1241, 852, 21], [318, 2308, 1724, 1], [455, 2600, 1369, 0]]"
1765904532.4471545,"[[-321, 265, 0, 168], [-185, 1032, 727, 20], [-319, 1418, 1034, 18], [-324, 2651, 2029, 0]]","[[246, 241, 1, 168], [358, 1199, 852, 22], [317, 2266, 1724, 2], [456, 2567, 1369, 0]]"
1765904532.51862,"[[-321, 223, 0, 169], [-185, 990, 727, 21], [-319, 1376, 1034, 19], [-321, 2611, 2029, 0]]","[[245, 199, 1, 169], [357, 1157, 852, 23], [317, 2224, 1724, 3], [451, 2536, 1369, 0]]"
1765904532.5881991,"[[-323, 181, 0, 170], [-185, 948, 727, 22], [-319, 1334, 1034, 20], [-323, 2536, 2029, 0]]","[[242, 156, 1, 170], [356, 1114, 852, 24], [318, 2181, 1724, 4], [434, 2446, 1369, 0]]"
1765904532.6550078,"[[-325, 139, 0, 171], [-185, 906, 727, 23], [-319, 1292, 1034, 21], [-323, 2494, 2029, 0]]","[[239, 113, 1, 171], [355, 1071, 852, 25], [319, 2138, 1724, 5], [432, 2410, 1369, 0]]"
1765904532.728594,"[[-325, 102, 0, 172], [-185, 869, 727, 24], [-319, 1255, 1034, 22], [-322, 2460, 2029, 0]]","[[238, 76, 1, 172], [354, 1034, 852, 26], [319, 2101, 1724, 6], [439, 2373, 1369, 0]]"
1765904532.7984276,"[[-325, 60, 0, 173], [-185, 827, 727, 25], [-319, 1213, 1034, 23], [-316, 2422, 2029, 0]]","[[237, 34, 1, 173], [353, 992, 852, 27], [319, 2059, 1724, 7], [432, 2338, 1369, 0]]"
1765904532.8637536,"[[-330, 19, 0, 174], [-187, 786, 727, 26], [-319, 1172, 1034, 24], [-316, 2366, 2029, 0]]","[[231, -8, 1, 174], [351, 949, 852, 28], [273, 2176, 1724, 0], [434, 2294, 1369, 1]]"
1765904532.9370127,"[[-189, 724, 727, 27], [-319, 1110, 1034, 25], [-313, 2315, 2029, 0]]","[[349, 885, 852, 29], [275, 2112, 1724, 1], [401, 2235, 1369, 0]]"
1765904533.0070848,"[[-189, 682, 727, 28], [-319, 1068, 1034, 26], [-320, 2295, 2029, 0]]","[[348, 843, 852, 30], [275, 2070, 1724, 2], [397, 2229, 1369, 0]]"
1765904533.0749016,"[[-191, 641, 727, 29], [-320, 1027, 1034, 27], [-338, 2192, 2029, 0]]","[[345, 800, 852, 31], [276, 2027, 1724, 3], [387, 2211, 1369, 0], [600, 2897, 1579, 0]]"
1765904533.147451,"[[-196, 605, 727, 30], [-322, 992, 1034, 28], [-327, 2232, 2029, 0]]","[[340, 761, 852, 32], [279, 1988, 1724, 4], [391, 2172, 1369, 1], [628, 2944, 1579, 0]]"
1765904533.2164452,"[[-183, 560, 727, 31], [-315, 946, 1034, 29], [-340, 2221, 2029, 0]]","[[349, 724, 852, 33], [272, 1950, 1724, 5], [367, 2173, 1369, 0], [658, 2984, 1579, 0]]"
1765904533.279219,"[[-172, 521, 727, 32], [-308, 905, 1034, 30], [-341, 2173, 2029, 0]]","[[357, 691, 852, 34], [266, 1916, 1724, 6], [357, 2155, 1369, 0], [640, 2955, 1579, 1]]"
1765904533.350122,"[[-176, 480, 727, 33], [-310, 864, 1034, 31], [-337, 2132, 2029, 1]]","[[353, 647, 852, 35], [267, 1873, 1724, 7], [359, 2111, 1369, 1], [646, 2910, 1579, 2]]"
1765904533.4168305,"[[-176, 443, 727, 34], [-310, 827, 1034, 32], [-336, 2095, 2029, 2]]","[[352, 610, 852, 36], [267, 1836, 1724, 8], [359, 2074, 1369, 2], [646, 2873, 1579, 3]]"
1765904533.4786186,"[[-180, 407, 727, 35], [-312, 791, 1034, 33], [-333, 2059, 2029, 3]]","[[348, 572, 852, 37], [268, 1798, 1724, 9], [361, 2036, 1369, 3], [651, 2833, 1579, 4]]"
1765904533.5467832,"[[-183, 371, 727, 36], [-314, 755, 1034, 34], [-331, 2023, 2029, 4]]","[[345, 534, 852, 38], [268, 1760, 1724, 10], [362, 1998, 1369, 4], [802, 2996, 1579, 0]]"
1765904533.6133838,"[[-186, 330, 727, 37], [-316, 714, 1034, 35], [-329, 1982, 2029, 5]]","[[341, 491, 852, 39], [268, 1717, 1724, 11], [363, 1955, 1369, 5], [792, 2977, 1579, 0]]"
1765904533.6749358,"[[-188, 294, 727, 38], [-317, 678, 1034, 36], [-327, 1946, 2029, 6]]","[[338, 453, 852, 40], [62, 1617, 1724, 0], [364, 1917, 1369, 6], [774, 2944, 1579, 0]]"
1765904533.744454,"[[-198, 254, 727, 39], [-324, 639, 1034, 37], [-323, 1907, 2029, 7]]","[[328, 408, 852, 41], [81, 1651, 1724, 0], [367, 1872, 1369, 7], [705, 2809, 1579, 0]]"
1765904533.8090413,"[[-212, 220, 727, 40], [-334, 606, 1034, 38], [-318, 1874, 2029, 8]]","[[314, 367, 852, 42], [83, 1655, 1724, 0], [371, 1831, 1369, 8], [720, 2763, 1579, 1]]"
1765904533.8711112,"[[-225, 185, 727, 41], [-343, 573, 1034, 39], [-314, 1840, 2029, 9]]","[[302, 327, 852, 43], [84, 1617, 1724, 1], [250, 1966, 1369, 0], [688, 2778, 1579, 0]]"
1765904533.9395485,"[[-237, 150, 727, 42], [-352, 539, 1034, 40], [-310, 1806, 2029, 10]]","[[290, 287, 852, 44], [85, 1579, 1724, 2], [254, 1927, 1369, 1], [599, 2616, 1579, 0]]"
1765904534.0043986,"[[-262, 118, 727, 43], [-369, 509, 1034, 41], [-304, 1775, 2029, 11]]","[[267, 245, 852, 45], [86, 1540, 1724, 3], [261, 1885, 1369, 2], [692, 2786, 1579, 0]]"
1765904534.0737178,"[[-278, 84, 727, 44], [-380, 477, 1034, 42], [-300, 1742, 2029, 12]]","[[251, 205, 852, 46], [86, 1502, 1724, 4], [265, 1845, 1369, 3], [662, 2729, 1579, 0], [459, 3811, 2357, 0]]"
1765904534.1398787,"[[-290, 50, 727, 45], [-389, 444, 1034, 43], [-297, 1708, 2029, 13]]","[[239, 166, 852, 47], [86, 1464, 1724, 5], [268, 1806, 1369, 4], [636, 2682, 1579, 0], [415, 3699, 2357, 0]]"
1765904534.2008862,"[[-304, 11, 727, 46], [-399, 406, 1034, 44], [-294, 1669, 2029, 14]]","[[225, 122, 852, 48], [85, 1421, 1724, 6], [270, 1761, 1369, 5], [638, 2684, 1579, 0], [436, 3653, 2357, 1], [495, 4221, 2854, 0]]"
1765904534.2724543,"[[-319, -22, 727, 47], [-410, 373, 1034, 45], [-292, 1635, 2029, 15]]","[[210, 83, 852, 49], [84, 1383, 1724, 7], [226, 1922, 1369, 0], [613, 2638, 1579, 0], [458, 3611, 2357, 2], [435, 4192, 2854, 0]]"
1765904534.3401942,"[[-335, -54, 727, 48], [-422, 341, 1034, 46], [-290, 1601, 2029, 16]]","[[194, 44, 852, 50], [82, 1345, 1724, 8], [230, 1883, 1369, 1], [478, 2392, 1579, 0], [480, 3569, 2357, 3], [405, 4145, 2854, 0]]"
1765904534.402664,"[[-349, -87, 727, 49], [-432, 308, 1034, 47], [-289, 1567, 2029, 17]]","[[180, 5, 852, 51], [80, 1307, 1724, 9], [233, 1844, 1369, 2], [486, 2351, 1579, 1], [499, 3528, 2357, 4], [366, 4118, 2854, 0]]"
1765904534.4722207,"[[-441, 275, 1034, 48], [-288, 1532, 2029, 18]]","[[78, 1269, 1724, 10], [235, 1805, 1369, 3], [411, 2266, 1579, 0], [345, 4092, 2854, 0]]"
1765904534.5384867,"[[-447, 240, 1034, 49], [-287, 1497, 2029, 19]]","[[76, 1232, 1724, 11], [236, 1767, 1369, 4], [414, 2227, 1579, 1], [319, 4058, 2854, 0], [558, 2541, 1295, 0]]"
1765904534.6012568,"[[-458, 207, 1034, 50], [-287, 1463, 2029, 20]]","[[73, 1194, 1724, 12], [238, 1728, 1369, 5], [420, 2186, 1579, 2], [286, 4023, 2854, 0], [555, 2530, 1295, 0]]"
1765904534.6689115,"[[-463, 167, 1034, 51], [-287, 1422, 2029, 21]]","[[71, 1152, 1724, 13], [194, 1863, 1369, 0], [422, 2142, 1579, 3], [256, 3979, 2854, 0], [559, 2486, 1295, 1]]"
1765904534.7368069,"[[-469, 133, 1034, 52], [-287, 1387, 2029, 22]]","[[69, 1115, 1724, 14], [135, 1752, 1369, 0], [425, 2103, 1579, 4], [231, 3936, 2854, 0], [538, 2494, 1295, 0]]"
1765904534.799436,"[[-473, 98, 1034, 53], [-287, 1351, 2029, 23]]","[[67, 1078, 1724, 15], [31, 1558, 1369, 0], [426, 2065, 1579, 5], [215, 3936, 2854, 0], [520, 2462, 1295, 0]]"
1765904534.871337,"[[-482, 64, 1034, 54], [-288, 1316, 2029, 24]]","[[64, 1041, 1724, 16], [74, 1639, 1369, 0], [429, 2025, 1579, 6], [199, 3882, 2854, 0], [509, 2442, 1295, 0]]"
1765904534.9404604,"[[-489, 30, 1034, 55], [-288, 1281, 2029, 25]]","[[61, 1004, 1724, 17], [74, 1602, 1369, 1], [431, 1986, 1579, 7], [175, 3827, 2854, 0], [489, 2405, 1295, 0]]"
1765904535.004677,"[[-491, -5, 1034, 56], [-288, 1244, 2029, 26], [-610, 3523, 2210, 0]]","[[60, 967, 1724, 18], [74, 1565, 1369, 2], [431, 1948, 1579, 8], [165, 3793, 2854, 0], [473, 2376, 1295, 0]]"
1765904535.077239,"[[-494, -40, 1034, 57], [-288, 1208, 2029, 27], [-620, 3476, 2210, 0]]","[[58, 930, 1724, 19], [74, 1528, 1369, 3], [432, 1910, 1579, 9], [151, 3761, 2854, 0], [455, 2341, 1295, 0]]"
1765904535.1470382,"[[-495, -81, 1034, 58], [-288, 1166, 2029, 28], [-616, 3396, 2210, 0], [-278, 2198, 775, 0]]","[[57, 888, 1724, 20], [74, 1486, 1369, 4], [432, 1868, 1579, 10], [147, 3753, 2854, 0], [428, 2289, 1295, 0]]"
1765904535.211748,"[[-484, -120, 1034, 59], [-285, 1127, 2029, 29], [-612, 3313, 2210, 0], [-281, 2158, 775, 0]]","[[61, 851, 1724, 21], [74, 1450, 1369, 5], [429, 1834, 1579, 11], [131, 3717, 2854, 1], [413, 2261, 1295, 0]]"
1765904535.2840798,"[[-468, -160, 1034, 60], [-281, 1087, 2029, 30], [-629, 3270, 2210, 1], [-262, 2124, 775, 0]]","[[67, 815, 1724, 22], [74, 1414, 1369, 6], [425, 1801, 1579, 12], [110, 3681, 2854, 2], [385, 2210, 1295, 0]]"
1765904535.3532145,"[[-460, -198, 1034, 61], [-279, 1049, 2029, 31], [-620, 3225, 2210, 0], [-259, 2085, 775, 0]]","[[70, 778, 1724, 23], [74, 1377, 1369, 7], [423, 1766, 1579, 13], [100, 3645, 2854, 3], [372, 2186, 1295, 0]]"
1765904535.4190617,"[[-458, -234, 1034, 62], [-278, 1012, 2029, 32], [-621, 3188, 2210, 1], [-259, 2050, 775, 0], [-420, 2694, 1444, 0]]","[[70, 741, 1724, 24], [74, 1340, 1369, 8], [422, 1729, 1579, 14], [98, 3608, 2854, 4], [371, 2149, 1295, 1]]"
1765904535.4819493,"[[-451, -272, 1034, 63], [-276, 974, 2029, 33], [-589, 3074, 2210, 0], [-260, 2025, 775, 0], [-424, 2656, 1444, 1]]","[[72, 704, 1724, 25], [74, 1303, 1369, 9], [421, 1694, 1579, 15], [368, 2113, 1295, 2]]"
1765904535.5544312,"[[-448, -308, 1034, 64], [-275, 937, 2029, 34], [-610, 3154, 2210, 0], [-237, 1964, 775, 0], [-425, 2619, 1444, 2]]","[[72, 667, 1724, 26], [74, 1266, 1369, 10], [420, 1658, 1579, 16], [367, 2077, 1295, 3]]"
1765904535.623099,"[[-453, -348, 1034, 65], [-276, 896, 2029, 35], [-509, 2910, 2210, 0], [-235, 1923, 775, 1], [-421, 2578, 1444, 3], [-979, 4402, 3092, 0]]","[[69, 625, 1724, 27], [73, 1224, 1369, 11], [420, 1615, 1579, 17], [368, 2034, 1295, 4]]"
1765904535.6845236,"[[-450, -385, 1034, 66], [-275, 859, 2029, 36], [-583, 3059, 2210, 0], [-235, 1886, 775, 2], [-422, 2540, 1444, 4], [-983, 4364, 3092, 1]]","[[70, 588, 1724, 28], [73, 1187, 1369, 12], [419, 1579, 1579, 18], [367, 1998, 1295, 5]]"
1765904535.7555156,"[[-445, -422, 1034, 67], [-273, 821, 2029, 37], [-542, 2978, 2210, 0], [-106, 1812, 775, 0], [-989, 4325, 3092, 2]]","[[72, 551, 1724, 29], [73, 1150, 1369, 13], [418, 1543, 1579, 19], [365, 1962, 1295, 6]]"
1765904535.8228636,"[[-444, -463, 1034, 68], [-272, 779, 2029, 38], [-558, 2954, 2210, 0], [-106, 1770, 775, 1], [-989, 4283, 3092, 3]]","[[72, 509, 1724, 30], [73, 1108, 1369, 14], [417, 1501, 1579, 20], [364, 1920, 1295, 7]]"
1765904535.8862019,"[[-439, -500, 1034, 69], [-270, 741, 2029, 39], [-583, 2969, 2210, 0], [-106, 1733, 775, 2], [-995, 4244, 3092, 4]]","[[74, 472, 1724, 31], [73, 1071, 1369, 15], [416, 1465, 1579, 21], [363, 1884, 1295, 8]]"
1765904535.9557853,"[[-440, -557, 1034, 70], [-270, 683, 2029, 40], [-565, 2896, 2210, 0], [-105, 1675, 775, 3]]","[[73, 414, 1724, 32], [72, 1013, 1369, 16], [415, 1407, 1579, 22], [363, 1826, 1295, 9]]"
1765904536.0238848,"[[-436, -573, 1034, 71], [-268, 666, 2029, 41], [-569, 2880, 2210, 0], [-105, 1659, 775, 4]]","[[74, 398, 1724, 33], [72, 997, 1369, 17], [415, 1392, 1579, 23], [362, 1811, 1295, 10]]"
1765904536.0867784,"[[-433, -615, 1034, 72], [-266, 624, 2029, 42], [-563, 2835, 2210, 0], [-105, 1617, 775, 5]]","[[75, 356, 1724, 34], [72, 955, 1369, 18], [415, 1350, 1579, 24], [361, 1769, 1295, 11], [165, 3127, 1549, 0]]"
1765904536.1580505,"[[-410, -676, 1034, 73], [-256, 563, 2029, 43], [-556, 2796, 2210, 0], [-106, 1558, 775, 6]]","[[87, 299, 1724, 35], [77, 898, 1369, 19], [416, 1297, 1579, 25], [358, 1715, 1295, 12], [172, 3090, 1549, 0]]"
1765904536.225795,"[[-389, -716, 1034, 74], [-247, 524, 2029, 44], [-536, 2715, 2210, 0], [-106, 1520, 775, 7]]","[[98, 263, 1724, 36], [82, 862, 1369, 20], [417, 1264, 1579, 26], [355, 1681, 1295, 13], [157, 3055, 1549, 1]]"
1765904536.2918937,"[[-371, -760, 1034, 75], [-239, 480, 2029, 45], [-604, 2731, 2210, 0], [-106, 1477, 775, 8]]","[[107, 222, 1724, 37], [87, 821, 1369, 21], [418, 1225, 1579, 27], [353, 1642, 1295, 14], [168, 2964, 1549, 0]]"
1765904536.3650937,"[[-348, -799, 1034, 76], [-229, 441, 2029, 46], [-616, 2688, 2210, 1], [-105, 1439, 775, 9]]","[[119, 186, 1724, 38], [93, 785, 1369, 22], [420, 1192, 1579, 28], [351, 1609, 1295, 15], [182, 2997, 1549, 0]]"
1765904536.4363236,"[[-329, -843, 1034, 77], [-220, 397, 2029, 47], [-531, 2629, 2210, 0], [-104, 1396, 775, 10], [-885, 3950, 2643, 0]]","[[129, 145, 1724, 39], [98, 744, 1369, 23], [422, 1153, 1579, 29], [350, 1570, 1295, 16], [185, 2911, 1549, 0]]"
1765904536.5007753,"[[-309, -887, 1034, 78], [-210, 353, 2029, 48], [-507, 2581, 2210, 0], [-103, 1353, 775, 11], [-858, 3936, 2643, 0]]","[[140, 104, 1724, 40], [104, 703, 1369, 24], [424, 1114, 1579, 30], [349, 1531, 1295, 17], [199, 2846, 1549, 0]]"
1765904536.574576,"[[-278, -927, 1034, 79], [-195, 313, 2029, 49], [-506, 2575, 2210, 0], [-101, 1315, 775, 12], [-834, 3906, 2643, 0]]","[[158, 69, 1724, 41], [114, 667, 1369, 25], [428, 1083, 1579, 31], [348, 1499, 1295, 18], [220, 2850, 1549, 0]]"
1765904536.6452508,"[[-246, -972, 1034, 80], [-179, 268, 2029, 50], [-498, 2559, 2210, 0], [-98, 1272, 775, 13], [-805, 3873, 2643, 0]]","[[176, 29, 1724, 42], [124, 626, 1369, 26], [433, 1047, 1579, 32], [347, 1461, 1295, 19], [202, 2811, 1549, 1], [59, 1903, 463, 0]]"
1765904536.7112308,"[[-168, 230, 2029, 51], [-491, 2538, 2210, 0], [-96, 1234, 775, 14], [-824, 3829, 2643, 1]]","[[131, 590, 1369, 27], [436, 1014, 1579, 33], [347, 1427, 1295, 20], [251, 2753, 1549, 0], [55, 1867, 463, 1]]"
1765904536.7844317,"[[-155, 197, 2029, 52], [-478, 2507, 2210, 0], [-93, 1201, 775, 15], [-759, 3825, 2643, 0]]","[[139, 560, 1369, 28], [440, 987, 1579, 34], [347, 1399, 1295, 21], [268, 2721, 1549, 0], [51, 1836, 463, 2]]"
1765904536.8538768,"[[-134, 137, 2029, 53], [-464, 2481, 2210, 0], [-88, 1142, 775, 16], [-733, 3808, 2643, 0]]","[[153, 505, 1369, 29], [448, 936, 1579, 35], [348, 1347, 1295, 22], [286, 2682, 1549, 0], [45, 1779, 463, 3]]"
1765904536.9179082,"[[-124, 120, 2029, 54], [-445, 2454, 2210, 0], [-85, 1125, 775, 17], [-749, 3786, 2643, 1]]","[[160, 490, 1369, 30], [452, 923, 1579, 36], [349, 1333, 1295, 23], [302, 2621, 1549, 0], [42, 1763, 463, 4]]"
1765904536.9921792,"[[-92, 60, 2029, 55], [-432, 2429, 2210, 0], [-76, 1065, 775, 18], [-801, 3711, 2643, 2]]","[[183, 436, 1369, 31], [465, 876, 1579, 37], [352, 1283, 1295, 24], [323, 2578, 1549, 0]]"
1765904537.0628033,"[[-67, 27, 2029, 56], [-422, 2401, 2210, 0], [-68, 1032, 775, 19], [-837, 3666, 2643, 3]]","[[200, 407, 1369, 32], [475, 852, 1579, 38], [355, 1257, 1295, 25], [330, 2522, 1549, 0]]"
1765904537.129874,"[[-43, -10, 2029, 57], [-399, 2352, 2210, 0], [-60, 994, 775, 20], [-870, 3616, 2643, 4]]","[[217, 373, 1369, 33], [485, 823, 1579, 39], [358, 1226, 1295, 26], [340, 2424, 1549, 0]]"
1765904537.202413,"[[-24, -41, 2029, 58], [-390, 2340, 2210, 0], [-53, 962, 775, 21]]","[[231, 344, 1369, 34], [493, 797, 1579, 40], [361, 1199, 1295, 27], [367, 2398, 1549, 0]]"
1765904537.274078,"[[-6, -77, 2029, 59], [-376, 2323, 2210, 0], [-46, 925, 775, 22]]","[[244, 310, 1369, 35], [500, 766, 1579, 41], [364, 1166, 1295, 28], [389, 2363, 1549, 0]]"
1765904537.3388093,"[[18, -113, 2029, 60], [-359, 2300, 2210, 0], [-36, 887, 775, 23]]","[[262, 277, 1369, 36], [511, 737, 1579, 42], [369, 1135, 1295, 29], [408, 2315, 1549, 0]]"
1765904537.4128885,"[[32, -143, 2029, 61], [-337, 2267, 2210, 0], [-30, 855, 775, 24]]","[[272, 248, 1369, 37], [517, 710, 1579, 43], [372, 1107, 1295, 30], [397, 2232, 1549, 0]]"
1765904537.4857695,"[[32, -184, 2029, 62], [-357, 2198, 2210, 0], [-29, 813, 775, 25]]","[[272, 206, 1369, 38], [517, 668, 1579, 44], [372, 1065, 1295, 31], [396, 2227, 1549, 0]]"
1765904537.5526173,"[[39, -220, 2029, 63], [-344, 2169, 2210, 0], [-26, 776, 775, 26]]","[[277, 170, 1369, 39], [520, 633, 1579, 45], [373, 1030, 1295, 32], [384, 2205, 1549, 0]]"
1765904537.626431,"[[35, -272, 2029, 64], [-334, 2145, 2210, 0], [-27, 724, 775, 27]]","[[274, 117, 1369, 40], [518, 579, 1579, 46], [372, 977, 1295, 33], [374, 2186, 1549, 0]]"
1765904537.6977909,"[[32, -308, 2029, 65], [-311, 2154, 2210, 0], [-27, 687, 775, 28]]","[[272, 80, 1369, 41], [516, 541, 1579, 47], [371, 940, 1295, 34], [374, 2149, 1549, 1]]"
1765904537.761027,"[[32, -349, 2029, 66], [-311, 2112, 2210, 1], [-26, 645, 775, 29]]","[[272, 38, 1369, 42], [516, 499, 1579, 48], [371, 898, 1295, 35], [373, 2107, 1549, 2]]"
1765904537.8332634,"[[25, -385, 2029, 67], [-308, 2076, 2210, 2], [-28, 608, 775, 30], [-431, 3312, 1886, 0]]","[[267, 0, 1369, 43], [512, 460, 1579, 49], [369, 860, 1295, 36], [375, 2069, 1549, 3]]"
1765904537.903297,"[[-307, 2039, 2210, 3], [-28, 571, 775, 31], [-435, 3303, 1886, 0]]","[[511, 423, 1579, 50], [368, 823, 1295, 37], [375, 2032, 1549, 4]]"
1765904537.9648771,"[[-307, 1997, 2210, 4], [-27, 529, 775, 32], [-436, 3260, 1886, 1]]","[[512, 381, 1579, 51], [368, 781, 1295, 38], [374, 1990, 1549, 5]]"
1765904538.0363474,"[[-306, 1960, 2210, 5], [-27, 492, 775, 33], [-435, 3192, 1886, 0]]","[[511, 344, 1579, 52], [367, 744, 1295, 39], [374, 1953, 1549, 6], [321, 3160, 1833, 0]]"
1765904538.1068122,"[[-305, 1918, 2210, 6], [-28, 450, 775, 34], [-423, 3101, 1886, 0]]","[[509, 301, 1579, 53], [365, 701, 1295, 40], [374, 1910, 1549, 7], [304, 3044, 1833, 0]]"
1765904538.1694682,"[[-305, 1881, 2210, 7], [-27, 413, 775, 35], [-444, 3135, 1886, 0]]","[[510, 265, 1579, 54], [365, 664, 1295, 41], [373, 1873, 1549, 8], [337, 3195, 1833, 0]]"
1765904538.2413983,"[[-306, 1838, 2210, 8], [-22, 371, 775, 36], [-429, 3050, 1886, 0]]","[[514, 225, 1579, 55], [368, 623, 1295, 42], [371, 1832, 1549, 9], [318, 3059, 1833, 0]]"
1765904538.3102162,"[[-306, 1795, 2210, 9], [-20, 329, 775, 37], [-432, 3032, 1886, 0]]","[[515, 184, 1579, 56], [369, 581, 1295, 43], [370, 1790, 1549, 10], [330, 3069, 1833, 0]]"
1765904538.3729312,"[[-305, 1759, 2210, 10], [-21, 292, 775, 38], [-432, 2978, 1886, 0]]","[[513, 146, 1579, 57], [367, 544, 1295, 44], [370, 1753, 1549, 11], [323, 3010, 1833, 0]]"
1765904538.4451134,"[[-306, 1716, 2210, 11], [-15, 250, 775, 39], [-427, 2933, 1886, 0]]","[[518, 106, 1579, 58], [371, 503, 1295, 45], [368, 1712, 1549, 12], [316, 2930, 1833, 0]]"
1765904538.5155284,"[[-306, 1653, 2210, 12], [-13, 187, 775, 40], [-426, 2906, 1886, 0]]","[[519, 44, 1579, 59], [372, 441, 1295, 46], [367, 1650, 1549, 13], [321, 2911, 1833, 0]]"
1765904538.5811377,"[[-306, 1615, 2210, 13], [-7, 150, 775, 41], [-419, 2875, 1886, 0]]","[[525, 9, 1579, 60], [376, 406, 1295, 47], [366, 1615, 1549, 14], [332, 2885, 1833, 0]]"
1765904538.6541367,"[[-306, 1572, 2210, 14], [-2, 108, 775, 42], [-417, 2828, 1886, 0]]","[[530, -30, 1579, 61], [379, 365, 1295, 48], [365, 1574, 1549, 15], [333, 2860, 1833, 0]]"
1765904538.725041,"[[-306, 1529, 2210, 15], [0, 66, 775, 43], [-410, 2792, 1886, 0]]","[[532, -70, 1579, 62], [381, 324, 1295, 49], [364, 1533, 1549, 16], [338, 2814, 1833, 0]]"
1765904538.7903345,"[[-306, 1491, 2210, 16], [4, 29, 775, 44], [-407, 2753, 1886, 0]]","[[536, -104, 1579, 63], [384, 288, 1295, 50], [363, 1497, 1549, 17], [352, 2797, 1833, 0]]"
1765904538.8632824,"[[-305, 1447, 2210, 17], [13, -12, 775, 45], [-403, 2693, 1886, 0]]","[[546, -142, 1579, 64], [391, 248, 1295, 51], [363, 1457, 1549, 18], [341, 2688, 1833, 0]]"
1765904538.9338832,"[[-304, 1409, 2210, 18], [16, -48, 775, 46], [-392, 2667, 1886, 0]]","[[549, -177, 1579, 65], [393, 212, 1295, 52], [363, 1421, 1549, 19], [346, 2669, 1833, 0]]"
1765904539.000618,"[[-303, 1366, 2210, 19], [20, -89, 775, 47], [-374, 2585, 1886, 0]]","[[553, -217, 1579, 66], [396, 171, 1295, 53], [363, 1380, 1549, 20], [336, 2547, 1833, 0]]"
1765904539.074561,"[[-302, 1323, 2210, 20], [25, -130, 775, 48], [-377, 2572, 1886, 0]]","[[558, -256, 1579, 67], [400, 130, 1295, 54], [363, 1339, 1549, 21], [350, 2544, 1833, 0]]"
1765904539.1458821,"[[-301, 1279, 2210, 21], [32, -171, 775, 49], [-370, 2541, 1886, 0]]","[[566, -294, 1579, 68], [406, 90, 1295, 55], [363, 1299, 1549, 22], [364, 2519, 1833, 0]]"
1765904539.21299,"[[-301, 1242, 2210, 22], [30, -207, 775, 50], [-358, 2491, 1886, 0]]","[[564, -331, 1579, 69], [404, 53, 1295, 56], [362, 1262, 1549, 23], [364, 2459, 1833, 0]]"
1765904539.2864344,"[[-300, 1183, 2210, 23], [-358, 2467, 1886, 0]]","[[570, -386, 1579, 70], [362, 1205, 1549, 24], [380, 2448, 1833, 0]]"
1765904539.3566847,"[[-299, 1146, 2210, 24], [-350, 2426, 1886, 0]]","[[570, -422, 1579, 71], [362, 1168, 1549, 25], [295, 2316, 1833, 0]]"
1765904539.425326,"[[-298, 1109, 2210, 25], [-345, 2390, 1886, 0]]","[[571, -458, 1579, 72], [362, 1131, 1549, 26], [380, 2335, 1833, 0]]"
1765904539.4920447,"[[-297, 1072, 2210, 26], [-343, 2360, 1886, 0]]","[[572, -494, 1579, 73], [362, 1094, 1549, 27], [384, 2303, 1833, 0]]"
1765904539.566262,"[[-296, 1035, 2210, 27], [-344, 2328, 1886, 0]]","[[572, -530, 1579, 74], [362, 1057, 1549, 28], [387, 2267, 1833, 0]]"
1765904539.635736,"[[-296, 1004, 2210, 28], [-345, 2293, 1886, 0]]","[[568, -562, 1579, 75], [361, 1025, 1549, 29], [380, 2200, 1833, 0]]"
1765904539.7021918,"[[-295, 961, 2210, 29], [-345, 2251, 1886, 0]]","[[570, -602, 1579, 76], [361, 983, 1549, 30], [370, 2180, 1833, 0], [21, 1544, 14, 0]]"
1765904539.775395,"[[-295, 924, 2210, 30], [-348, 2233, 1886, 0]]","[[568, -638, 1579, 77], [360, 946, 1549, 31], [363, 2166, 1833, 0], [21, 1507, 14, 1]]"
1765904539.8453488,"[[-296, 872, 2210, 31], [-337, 2181, 1886, 0], [-383, 3380, 1989, 0]]","[[564, -691, 1579, 78], [359, 893, 1549, 32], [352, 2147, 1833, 0], [21, 1454, 14, 2]]"
1765904539.9115484,"[[-296, 856, 2210, 32], [-336, 2165, 1886, 1], [-391, 3357, 1989, 0]]","[[563, -706, 1579, 79], [358, 877, 1549, 33], [352, 2131, 1833, 1], [20, 1438, 14, 3]]"
1765904539.9854624,"[[-297, 799, 2210, 33], [-334, 2108, 1886, 2], [-393, 3323, 1989, 0]]","[[556, -764, 1579, 80], [356, 818, 1549, 34], [323, 2144, 1833, 0], [19, 1380, 14, 4]]"
1765904540.054651,"[[-294, 761, 2210, 34], [-336, 2070, 1886, 3], [-378, 3251, 1989, 0]]","[[565, -798, 1579, 81], [358, 783, 1549, 35], [320, 2108, 1833, 1], [19, 1343, 14, 5]]"
1765904540.1171594,"[[-286, 721, 2210, 35], [-341, 2030, 1886, 4], [-376, 3178, 1989, 0]]","[[589, -828, 1579, 82], [365, 750, 1549, 36], [313, 2074, 1833, 2], [20, 1306, 14, 6]]"
1765904540.1883,"[[-273, 675, 2210, 36], [-349, 1983, 1886, 5], [-383, 3171, 1989, 0]]","[[625, -860, 1579, 83], [376, 714, 1549, 37], [304, 2037, 1833, 3], [23, 1264, 14, 7]]"
1765904540.258825,"[[-258, 633, 2210, 37], [-357, 1940, 1886, 6], [-379, 3115, 1989, 0]]","[[667, -884, 1579, 84], [390, 684, 1549, 38], [294, 2005, 1833, 4], [27, 1228, 14, 8]]"
1765904540.3242278,"[[-248, 588, 2210, 38], [-361, 1894, 1886, 7], [-397, 3068, 1989, 1]]","[[694, -917, 1579, 85], [399, 646, 1549, 39], [288, 1966, 1833, 5], [30, 1186, 14, 9]]"
1765904540.3946364,"[[-234, 553, 2210, 39], [-366, 1857, 1886, 8], [-313, 2807, 1989, 0]]","[[730, -937, 1579, 86], [411, 620, 1549, 40], [280, 1939, 1833, 6], [34, 1155, 14, 10]]"
1765904540.458421,"[[-222, 513, 2210, 40], [-370, 1815, 1886, 9], [-329, 2766, 1989, 1]]","[[760, -964, 1579, 87], [422, 588, 1549, 41], [274, 1906, 1833, 7], [38, 1119, 14, 11]]"
1765904540.5227277,"[[-211, 474, 2210, 41], [-373, 1774, 1886, 10], [-341, 2726, 1989, 2]]","[[784, -992, 1579, 88], [431, 555, 1549, 42], [269, 1872, 1833, 8], [41, 1082, 14, 12]]"
1765904540.5958643,"[[-200, 435, 2210, 42], [-375, 1733, 1886, 11], [-353, 2686, 1989, 3]]","[[808, -1020, 1579, 89], [440, 522, 1549, 43], [265, 1838, 1833, 9], [45, 1046, 14, 13]]"
1765904540.6625447,"[[-199, 398, 2210, 43], [-375, 1696, 1886, 12], [-354, 2649, 1989, 4], [-270, 2934, 1566, 0]]","[[810, -1055, 1579, 90], [440, 485, 1549, 44], [264, 1801, 1833, 10], [45, 1009, 14, 14]]"
1765904540.727823,"[[-202, 362, 2210, 44], [-374, 1660, 1886, 13], [-249, 2921, 1566, 0]]","[[802, -1093, 1579, 91], [436, 447, 1549, 45], [264, 1763, 1833, 11], [43, 972, 14, 15]]"
1765904540.802379,"[[-219, 334, 2210, 45], [-371, 1634, 1886, 14], [-225, 2868, 1566, 0]]","[[762, -1136, 1579, 92], [419, 409, 1549, 46], [268, 1727, 1833, 12], [34, 940, 14, 16], [515, 2769, 1396, 0]]"
1765904540.869805,"[[-234, 300, 2210, 46], [-369, 1602, 1886, 15], [-257, 2853, 1566, 0]]","[[726, -1182, 1579, 93], [404, 367, 1549, 47], [271, 1686, 1833, 13], [26, 903, 14, 17], [550, 2770, 1396, 0]]"
1765904540.935202,"[[-253, 272, 2210, 47], [-367, 1576, 1886, 16], [-235, 2825, 1566, 1]]","[[682, -1224, 1579, 94], [385, 329, 1549, 48], [273, 1650, 1833, 14], [16, 871, 14, 18], [570, 2729, 1396, 1]]"
1765904540.9989774,"[[-275, 240, 2210, 48], [-365, 1546, 1886, 17], [-322, 2760, 1566, 0]]","[[631, -1272, 1579, 95], [363, 285, 1549, 49], [275, 1608, 1833, 15], [4, 834, 14, 19], [544, 2686, 1396, 0]]"
1765904541.0605526,"[[-291, 207, 2210, 49], [-364, 1514, 1886, 18], [-305, 2727, 1566, 1]]","[[593, -1316, 1579, 96], [346, 243, 1549, 50], [276, 1567, 1833, 16], [-4, 797, 14, 20], [522, 2643, 1396, 0]]"
1765904541.1234217,"[[-299, 172, 2210, 50], [-363, 1480, 1886, 19], [-296, 2692, 1566, 2]]","[[573, -1356, 1579, 97], [337, 204, 1549, 51], [276, 1528, 1833, 17], [-8, 760, 14, 21], [523, 2686, 1396, 0]]"
1765904541.1939027,"[[-298, 135, 2210, 51], [-362, 1443, 1886, 20], [-296, 2655, 1566, 3]]","[[573, -1392, 1579, 98], [337, 167, 1549, 52], [275, 1491, 1833, 18], [-7, 723, 14, 22], [499, 2647, 1396, 0]]"
1765904541.2619653,"[[-297, 98, 2210, 52], [-361, 1406, 1886, 21], [-296, 2618, 1566, 4]]","[[574, -1428, 1579, 99], [337, 130, 1549, 53], [275, 1454, 1833, 19], [-6, 686, 14, 23], [465, 2623, 1396, 0]]"
1765904541.3253083,"[[-291, 60, 2210, 53], [-360, 1368, 1886, 22], [-301, 2374, 1566, 0]]","[[585, -1462, 1579, 100], [342, 94, 1549, 54], [275, 1418, 1833, 20], [-2, 649, 14, 24], [446, 2608, 1396, 0]]"
1765904541.396604,"[[-288, 17, 2210, 54], [-359, 1325, 1886, 23], [-295, 2337, 1566, 0]]","[[590, -1502, 1579, 101], [344, 52, 1549, 55], [275, 1376, 1833, 21], [0, 607, 14, 25], [443, 2601, 1396, 0]]"
1765904541.4702115,"[[-358, 1288, 1886, 24], [-250, 2178, 1566, 0]]","[[345, 16, 1549, 56], [275, 1339, 1833, 22], [1, 570, 14, 26], [425, 2526, 1396, 0]]"
1765904541.5424895,"[[-359, 1233, 1886, 25], [-244, 2122, 1566, 1]]","[[332, -44, 1549, 57], [273, 1279, 1833, 23], [-7, 512, 14, 27], [433, 2465, 1396, 1]]"
1765904541.6078374,"[[-363, 1208, 1886, 26], [-232, 2095, 1566, 2]]","[[302, -81, 1549, 58], [268, 1242, 1833, 24], [-25, 481, 14, 28], [438, 2427, 1396, 0]]"
1765904541.669129,"[[-366, 1191, 1886, 27], [-224, 2076, 1566, 3]]","[[282, -105, 1549, 59], [264, 1217, 1833, 25], [-37, 460, 14, 29], [443, 2384, 1396, 0]]"
1765904541.740475,"[[-369, 1143, 1886, 28], [-216, 2026, 1566, 4]]","[[261, -160, 1549, 60], [260, 1161, 1833, 26], [-50, 408, 14, 30], [453, 2359, 1396, 0]]"
1765904541.810953,"[[-369, 1107, 1886, 29]]","[[258, -196, 1549, 61], [259, 1124, 1833, 27], [-51, 371, 14, 31], [450, 2332, 1396, 0]]"
1765904541.8772151,"[[-364, 1065, 1886, 30], [-331, 2307, 875, 0]]","[[279, -229, 1549, 62], [263, 1090, 1833, 28], [-36, 334, 14, 32], [332, 2194, 1396, 0]]"
1765904541.9402122,"[[-353, 1014, 1886, 31], [-366, 2234, 875, 0]]","[[319, -263, 1549, 63], [272, 1054, 1833, 29], [-8, 291, 14, 33], [315, 2159, 1396, 1], [61, 1632, 35, 0]]"
1765904542.0087864,"[[-343, 970, 1886, 32], [-380, 2189, 875, 1]]","[[354, -292, 1549, 64], [281, 1023, 1833, 30], [16, 254, 14, 34], [399, 2235, 1396, 0], [58, 1596, 35, 1]]"
1765904542.0767622,"[[-325, 917, 1886, 33], [-402, 2134, 875, 2]]","[[411, -321, 1549, 65], [296, 990, 1833, 31], [56, 213, 14, 35], [390, 2219, 1396, 0], [54, 1556, 35, 2]]"
1765904542.144238,"[[-304, 864, 1886, 34], [-423, 2078, 875, 3]]","[[472, -347, 1549, 66], [313, 958, 1833, 32], [99, 174, 14, 36], [375, 2188, 1396, 0], [52, 1516, 35, 3]]"
1765904542.214638,"[[-285, 819, 1886, 35], [-439, 2029, 875, 4]]","[[524, -369, 1549, 67], [328, 930, 1833, 33], [137, 140, 14, 37], [359, 2160, 1396, 0], [51, 1481, 35, 4]]"
1765904542.280105,"[[-265, 780, 1886, 36], [-453, 1985, 875, 5]]","[[575, -384, 1549, 68], [343, 908, 1833, 34], [174, 113, 14, 38], [359, 2159, 1396, 0], [51, 1451, 35, 5]]"
1765904542.3393297,"[[-244, 741, 1886, 37], [-466, 1940, 875, 6]]","[[627, -398, 1549, 69], [359, 886, 1833, 35], [212, 87, 14, 39], [340, 2137, 1396, 1], [52, 1421, 35, 6]]"
1765904542.4065986,"[[-223, 698, 1886, 38], [-477, 1890, 875, 7]]","[[678, -416, 1549, 70], [375, 859, 1833, 36], [250, 56, 14, 40], [322, 2109, 1396, 2], [54, 1386, 35, 7]]"
1765904542.4716861,"[[-199, 660, 1886, 39], [-488, 1844, 875, 8]]","[[732, -426, 1549, 71], [393, 838, 1833, 37], [291, 32, 14, 41], [304, 2086, 1396, 3], [57, 1356, 35, 8]]"
1765904542.5338318,"[[-172, 622, 1886, 40], [-498, 1797, 875, 9]]","[[793, -432, 1549, 72], [413, 819, 1833, 38], [337, 10, 14, 42], [285, 2064, 1396, 4], [61, 1326, 35, 9]]"
1765904542.6039536,"[[-143, 580, 1886, 41], [-507, 1744, 875, 10], [-460, 2699, 1293, 0]]","[[855, -441, 1549, 73], [435, 796, 1833, 39], [385, -14, 14, 43], [266, 2036, 1396, 5], [66, 1291, 35, 10]]"
1765904542.6725125,"[[-113, 544, 1886, 42], [-514, 1696, 875, 11], [-438, 2744, 1293, 0]]","[[916, -444, 1549, 74], [457, 778, 1833, 40], [432, -32, 14, 44], [248, 2012, 1396, 6], [72, 1261, 35, 11]]"
1765904542.7336805,"[[-99, 526, 1886, 43], [-516, 1672, 875, 12], [-455, 2721, 1293, 1]]","[[944, -446, 1549, 75], [467, 769, 1833, 41], [454, -41, 14, 45], [240, 1999, 1396, 7], [75, 1246, 35, 12]]"
1765904542.8035145,"[[-58, 470, 1886, 44], [-522, 1598, 875, 13], [-357, 2728, 1293, 0]]","[[1022, -457, 1549, 76], [496, 736, 1833, 42], [516, -73, 14, 46], [219, 1956, 1396, 8], [85, 1197, 35, 13]]"
1765904542.8693056,"[[-28, 437, 1886, 45], [-524, 1551, 875, 14], [-391, 2686, 1293, 1]]","[[1076, -458, 1549, 77], [517, 719, 1833, 43], [560, -89, 14, 47], [206, 1930, 1396, 9], [93, 1168, 35, 14]]"
1765904542.932439,"[[-12, 421, 1886, 46], [-524, 1527, 875, 15], [-278, 2547, 1293, 0]]","[[1103, -458, 1549, 78], [528, 710, 1833, 44], [582, -96, 14, 48], [199, 1917, 1396, 10], [97, 1153, 35, 15]]"
1765904542.9939048,"[[17, 384, 1886, 47], [-524, 1476, 875, 16], [-223, 2692, 1293, 0]]","[[1155, -464, 1549, 79], [549, 688, 1833, 45], [624, -116, 14, 49], [187, 1885, 1396, 11], [106, 1119, 35, 16], [496, 2866, 1482, 0]]"
1765904543.0628088,"[[33, 347, 1886, 48], [-523, 1431, 875, 17], [-191, 2709, 1293, 0]]","[[1184, -483, 1549, 80], [560, 659, 1833, 46], [647, -142, 14, 50], [181, 1851, 1396, 12], [111, 1084, 35, 17], [542, 2827, 1482, 0]]"
1765904543.1277614,"[[43, 316, 1886, 49], [-522, 1395, 875, 18], [-201, 2676, 1293, 1]]","[[1201, -503, 1549, 81], [567, 632, 1833, 47], [661, -167, 14, 51], [177, 1821, 1396, 13], [114, 1053, 35, 18], [530, 2800, 1482, 1]]"
1765904543.189054,"[[46, 279, 1886, 50], [-521, 1356, 875, 19], [-204, 2638, 1293, 2]]","[[1207, -535, 1549, 82], [569, 597, 1833, 48], [666, -201, 14, 52], [175, 1785, 1396, 14], [115, 1016, 35, 19], [525, 2765, 1482, 2]]"
1765904543.250674,"[[54, 242, 1886, 51], [-519, 1315, 875, 20], [-212, 2600, 1293, 3]]","[[1221, -562, 1549, 83], [575, 564, 1833, 49], [678, -232, 14, 53], [172, 1749, 1396, 15], [118, 980, 35, 20], [515, 2732, 1482, 3]]"
1765904543.3131866,"[[65, 206, 1886, 52], [-517, 1273, 875, 21], [-48, 2562, 1293, 0], [-433, 3267, 1721, 0]]","[[1240, -587, 1549, 84], [583, 532, 1833, 50], [693, -262, 14, 54], [169, 1714, 1396, 16], [122, 944, 35, 21], [503, 2700, 1482, 4]]"
1765904543.3752482,"[[83, 170, 1886, 53], [-513, 1229, 875, 22], [-100, 2697, 1293, 0], [-408, 3228, 1721, 0]]","[[1269, -605, 1549, 85], [596, 504, 1833, 51], [718, -288, 14, 55], [165, 1679, 1396, 17], [129, 909, 35, 22]]"
1765904543.4452128,"[[102, 129, 1886, 54], [-509, 1180, 875, 23], [-115, 2877, 1293, 0], [-401, 3197, 1721, 0]]","[[1298, -628, 1549, 86], [610, 471, 1833, 52], [743, -319, 14, 56], [162, 1639, 1396, 18], [137, 869, 35, 23]]"
1765904543.5115438,"[[118, 93, 1886, 55], [-504, 1137, 875, 24], [-113, 2942, 1293, 0], [-421, 3155, 1721, 1]]","[[1324, -648, 1549, 87], [622, 442, 1833, 53], [765, -346, 14, 57], [160, 1604, 1396, 19], [144, 834, 35, 24]]"
1765904543.5765893,"[[124, 57, 1886, 56], [-502, 1098, 875, 25], [-104, 2849, 1293, 0], [-429, 3116, 1721, 2]]","[[1334, -677, 1549, 88], [627, 408, 1833, 54], [774, -378, 14, 58], [159, 1568, 1396, 20], [147, 798, 35, 25]]"
1765904543.639346,"[[123, 20, 1886, 57], [-502, 1061, 875, 26], [-103, 2812, 1293, 1], [-378, 3200, 1721, 0]]","[[1333, -713, 1549, 89], [626, 371, 1833, 55], [773, -414, 14, 59], [159, 1531, 1396, 21], [146, 761, 35, 26]]"
1765904543.7093382,"[[-508, 1031, 875, 27], [-84, 2776, 1293, 2], [-308, 2962, 1721, 0]]","[[610, 326, 1833, 56], [746, -460, 14, 60], [159, 1492, 1396, 22], [135, 722, 35, 27]]"
1765904543.7766082,"[[-515, 1002, 875, 28], [-265, 2682, 1293, 0], [-285, 2930, 1721, 1]]","[[591, 280, 1833, 57], [715, -507, 14, 61], [158, 1453, 1396, 23], [122, 683, 35, 28]]"
1765904543.8429768,"[[-518, 969, 875, 29], [-255, 2647, 1293, 1], [-301, 3068, 1721, 0], [-31, 1571, 107, 0]]","[[581, 238, 1833, 58], [698, -549, 14, 62], [157, 1415, 1396, 24], [115, 645, 35, 29]]"
1765904543.9073126,"[[-514, 924, 875, 30], [-261, 2603, 1293, 2], [-289, 3020, 1721, 0], [-31, 1529, 107, 1]]","[[588, 199, 1833, 59], [709, -586, 14, 63], [157, 1374, 1396, 25], [119, 604, 35, 30]]"
1765904543.981299,"[[-511, 879, 875, 31], [-266, 2560, 1293, 3], [-297, 2995, 1721, 0], [-31, 1487, 107, 2], [-59, 1762, 291, 0]]","[[594, 160, 1833, 60], [719, -624, 14, 64], [157, 1333, 1396, 26], [123, 562, 35, 31], [28, 1666, 254, 0], [369, 3456, 1932, 0]]"
1765904544.0503528,"[[-508, 835, 875, 32], [-270, 2517, 1293, 4], [-361, 2934, 1721, 0], [-30, 1445, 107, 3], [-193, 1899, 291, 0]]","[[599, 120, 1833, 61], [727, -662, 14, 65], [157, 1292, 1396, 27], [126, 520, 35, 32], [27, 1624, 254, 1], [360, 3415, 1932, 1]]"
1765904544.1140337,"[[-514, 803, 875, 33], [-329, 2861, 1721, 0], [-30, 1408, 107, 4], [-188, 1864, 291, 1]]","[[584, 77, 1833, 62], [705, -705, 14, 66], [154, 1254, 1396, 28], [116, 482, 35, 33], [28, 1587, 254, 2], [379, 3374, 1932, 2]]"
1765904544.1847003,"[[-522, 772, 875, 34], [-337, 2830, 1721, 0], [-31, 1371, 107, 5], [-183, 1829, 291, 2]]","[[567, 33, 1833, 63], [678, -749, 14, 67], [151, 1215, 1396, 29], [103, 444, 35, 34], [19, 1627, 254, 0], [401, 3332, 1932, 3]]"
1765904544.252827,"[[-525, 738, 875, 35], [-330, 2795, 1721, 1], [-31, 1334, 107, 6], [-181, 1793, 291, 3]]","[[559, -6, 1833, 64], [667, -788, 14, 68], [149, 1177, 1396, 30], [97, 407, 35, 35], [19, 1590, 254, 1], [308, 3311, 1932, 0]]"
1765904544.3159018,"[[-519, 692, 875, 36], [-318, 2771, 1721, 0], [-29, 1292, 107, 7], [-183, 1750, 291, 4]]","[[570, -43, 1833, 65], [683, -824, 14, 69], [151, 1136, 1396, 31], [105, 366, 35, 36], [18, 1548, 254, 2], [314, 3261, 1932, 0], [-592, 4241, 2831, 0]]"
1765904544.3861506,"[[-510, 650, 875, 37], [-379, 2707, 1721, 0], [-26, 1255, 107, 8], [-185, 1711, 291, 5]]","[[586, -73, 1833, 66], [708, -852, 14, 70], [154, 1101, 1396, 32], [117, 330, 35, 37], [17, 1511, 254, 3], [272, 3023, 1932, 0], [-600, 4173, 2831, 0]]"
1765904544.4533033,"[[-497, 601, 875, 38], [-394, 2649, 1721, 0], [-22, 1213, 107, 9], [-188, 1666, 291, 6]]","[[608, -105, 1833, 67], [741, -883, 14, 71], [159, 1061, 1396, 33], [133, 290, 35, 38], [16, 1469, 254, 4], [265, 3105, 1932, 0], [-638, 4122, 2831, 1]]"
1765904544.5146697,"[[-480, 550, 875, 39], [-414, 2600, 1721, 1], [-16, 1171, 107, 10], [-190, 1620, 291, 7]]","[[637, -135, 1833, 68], [784, -910, 14, 72], [166, 1022, 1396, 34], [154, 250, 35, 39], [16, 1427, 254, 5], [235, 3067, 1932, 1], [-685, 4068, 2831, 2]]"
1765904544.584919,"[[-467, 507, 875, 40], [-343, 2600, 1721, 0], [-11, 1134, 107, 11], [-191, 1581, 291, 8]]","[[658, -162, 1833, 69], [815, -935, 14, 73], [172, 987, 1396, 35], [170, 215, 35, 40], [16, 1390, 254, 6], [214, 3033, 1932, 2], [-719, 4022, 2831, 3]]"
1765904544.6520596,"[[-455, 465, 875, 41], [-316, 2531, 1721, 0], [-6, 1097, 107, 12], [-79, 1716, 291, 0]]","[[677, -190, 1833, 70], [843, -961, 14, 74], [177, 952, 1396, 36], [185, 180, 35, 41], [17, 1353, 254, 7], [255, 2853, 1932, 0], [-748, 3976, 2831, 4]]"
1765904544.714965,"[[-441, 422, 875, 42], [-307, 2525, 1721, 0], [0, 1060, 107, 13], [-81, 1678, 291, 1]]","[[699, -217, 1833, 71], [875, -985, 14, 75], [184, 918, 1396, 37], [202, 146, 35, 42], [18, 1316, 254, 8], [233, 2609, 1932, 0]]"
1765904544.785045,"[[-425, 374, 875, 43], [-293, 2514, 1721, 0], [6, 1018, 107, 14], [-83, 1635, 291, 2]]","[[723, -248, 1833, 72], [910, -1013, 14, 76], [192, 879, 1396, 38], [221, 107, 35, 43], [20, 1274, 254, 9], [216, 2570, 1932, 1]]"
1765904544.8534696,"[[-410, 332, 875, 44], [-305, 2473, 1721, 1], [12, 981, 107, 15], [-84, 1597, 291, 3]]","[[745, -275, 1833, 73], [941, -1037, 14, 77], [199, 845, 1396, 39], [238, 73, 35, 44], [22, 1237, 254, 10], [202, 2536, 1932, 2]]"
1765904544.9180505,"[[-401, 292, 875, 45], [-294, 2371, 1721, 0], [15, 944, 107, 16], [-84, 1559, 291, 4]]","[[758, -305, 1833, 74], [960, -1066, 14, 78], [204, 810, 1396, 40], [248, 38, 35, 45], [24, 1200, 254, 11], [194, 2501, 1932, 3], [379, 2811, 1416, 0]]"
1765904544.981126,"[[-398, 254, 875, 46], [-295, 2333, 1721, 1], [16, 907, 107, 17], [-84, 1522, 291, 5], [-102, 1809, 405, 0]]","[[761, -339, 1833, 75], [965, -1100, 14, 79], [205, 774, 1396, 41], [251, 2, 35, 46], [24, 1163, 254, 12], [191, 2464, 1932, 4], [415, 2813, 1416, 0]]"
1765904545.0549786,"[[-408, 221, 875, 47], [-220, 2183, 1721, 0], [10, 870, 107, 18], [-83, 1486, 291, 6], [-99, 1773, 405, 1]]","[[745, -381, 1833, 76], [942, -1144, 14, 80], [198, 735, 1396, 42], [238, -36, 35, 47], [21, 1126, 254, 13], [435, 2743, 1416, 0]]"
1765904545.1239944,"[[-406, 184, 875, 48], [-214, 2363, 1721, 0], [10, 833, 107, 19], [-82, 1449, 291, 7], [-99, 1736, 405, 2]]","[[746, -416, 1833, 77], [944, -1179, 14, 81], [198, 698, 1396, 43], [239, -72, 35, 48], [21, 1089, 254, 14], [446, 2668, 1416, 0]]"
1765904545.1882052,"[[-385, 146, 875, 49], [-205, 2331, 1721, 0], [20, 802, 107, 20], [-81, 1416, 291, 8], [-102, 1703, 405, 3]]","[[776, -435, 1833, 78], [985, -1195, 14, 82], [210, 669, 1396, 44], [263, -99, 35, 49], [27, 1058, 254, 15], [476, 2671, 1416, 0]]"
1765904545.2603936,"[[-358, 117, 875, 50], [-211, 2296, 1721, 0], [33, 781, 107, 21], [-79, 1393, 291, 9], [-105, 1680, 405, 4]]","[[814, -440, 1833, 79], [1037, -1195, 14, 83], [226, 652, 1396, 45], [294, -114, 35, 50], [35, 1037, 254, 16], [446, 2547, 1416, 0]]"
1765904545.3306437,"[[-331, 79, 875, 51], [-227, 2277, 1721, 0], [46, 750, 107, 22], [-76, 1360, 291, 10], [-108, 1646, 405, 5]]","[[851, -455, 1833, 80], [1089, -1205, 14, 84], [242, 625, 1396, 46], [325, -139, 35, 51], [43, 1006, 254, 17], [437, 2514, 1416, 0]]"
1765904545.4003685,"[[-326, 46, 875, 52], [-261, 2254, 1721, 0], [48, 718, 107, 23], [-75, 1328, 291, 11], [-108, 1614, 405, 6]]","[[856, -483, 1833, 81], [1097, -1232, 14, 85], [244, 594, 1396, 47], [329, -169, 35, 52], [44, 974, 254, 18], [433, 2484, 1416, 1]]"
1765904545.4614668,"[[-355, 37, 875, 53], [-245, 2243, 1721, 1], [31, 701, 107, 24], [-78, 1313, 291, 12], [-105, 1600, 405, 7]]","[[814, -515, 1833, 82], [1040, -1269, 14, 86], [225, 573, 1396, 48], [294, -191, 35, 53], [33, 957, 254, 19], [351, 2369, 1416, 0]]"
1765904545.5209088,"[[-385, 8, 875, 54], [-275, 2278, 1721, 0], [14, 664, 107, 25], [-81, 1278, 291, 13], [-102, 1565, 405, 8]]","[[771, -568, 1833, 83], [981, -1326, 14, 87], [205, 532, 1396, 49], [258, -233, 35, 54], [21, 920, 254, 20], [369, 2324, 1416, 1]]"
1765904545.5909479,"[[-246, 2256, 1721, 1], [-16, 632, 107, 26], [-89, 1249, 291, 14], [-99, 1537, 405, 9]]","[[877, -1391, 14, 88], [169, 493, 1396, 50], [194, -272, 35, 55], [0, 888, 254, 21], [492, 2410, 1416, 0]]"
1765904545.6547337,"[[-218, 2233, 1721, 2], [-47, 601, 107, 27], [-98, 1221, 291, 15], [-97, 1509, 405, 10]]","[[771, -1452, 14, 89], [132, 456, 1396, 51], [129, -309, 35, 56], [-22, 857, 254, 22], [524, 2360, 1416, 1]]"
1765904545.7117498,"[[-189, 2209, 1721, 3], [-81, 572, 107, 28], [-108, 1193, 291, 16], [-96, 1481, 405, 11]]","[[658, -1510, 14, 90], [92, 420, 1396, 52], [60, -343, 35, 57], [-46, 827, 254, 23], [556, 2308, 1416, 2]]"
1765904545.779267,"[[-166, 2178, 1721, 4], [-110, 538, 107, 29], [-117, 1160, 291, 17], [-96, 1447, 405, 12]]","[[560, -1566, 14, 91], [57, 381, 1396, 53], [0, -380, 35, 58], [-67, 792, 254, 24], [581, 2253, 1416, 3]]"
1765904545.844426,"[[-141, 505, 107, 30], [-128, 1127, 291, 18], [-97, 1413, 405, 13]]","[[459, -1619, 14, 92], [20, 343, 1396, 54], [-61, -415, 35, 59], [-90, 758, 254, 25], [605, 2197, 1416, 4]]"
1765904545.9038403,"[[-170, 473, 107, 31], [-139, 1094, 291, 19], [-99, 1379, 405, 14]]","[[366, -1667, 14, 93], [-14, 306, 1396, 55], [-117, -448, 35, 60], [-111, 724, 254, 26], [625, 2142, 1416, 5]]"
1765904545.9696758,"[[-204, 442, 107, 32], [-152, 1062, 291, 20], [-103, 1345, 405, 15]]","[[259, -1713, 14, 94], [-54, 270, 1396, 56], [-182, -479, 35, 61], [-137, 691, 254, 27], [646, 2084, 1416, 6]]"
1765904546.0357013,"[[-238, 418, 107, 33], [-166, 1036, 291, 21], [-108, 1317, 405, 16]]","[[152, -1751, 14, 95], [-94, 241, 1396, 57], [-247, -503, 35, 62], [-163, 664, 254, 28], [664, 2031, 1416, 7], [296, 2327, 908, 0]]"
1765904546.096642,"[[-276, 385, 107, 34], [-182, 1000, 291, 22], [-114, 1279, 405, 17]]","[[36, -1795, 14, 96], [-138, 203, 1396, 58], [-318, -534, 35, 63], [-192, 628, 254, 29], [682, 1965, 1416, 8], [325, 2274, 908, 1], [373, 2842, 1397, 0]]"
1765904546.1650975,"[[-314, 358, 107, 35], [-199, 970, 291, 23], [-121, 1246, 405, 18]]","[[-79, -1830, 14, 97], [-183, 172, 1396, 59], [-389, -558, 35, 64], [-222, 598, 254, 30], [697, 1904, 1416, 9], [238, 2333, 908, 0], [419, 2791, 1397, 1]]"
1765904546.2285547,"[[-354, 333, 107, 36], [-217, 940, 291, 24], [-129, 1214, 405, 19]]","[[-196, -1861, 14, 98], [-229, 142, 1396, 60], [-461, -579, 35, 65], [-253, 570, 254, 31], [710, 1842, 1416, 10], [267, 2287, 908, 1], [276, 2845, 1397, 0]]"
1765904546.2869086,"[[-367, 316, 107, 37], [-223, 921, 291, 25], [-132, 1194, 405, 20]]","[[-235, -1879, 14, 99], [-245, 124, 1396, 61], [-485, -594, 35, 66], [-264, 552, 254, 32], [714, 1812, 1416, 11], [169, 2318, 908, 0], [291, 2820, 1397, 1]]"
1765904546.3546786,"[[-400, 285, 107, 38], [-239, 885, 291, 26], [-140, 1156, 405, 21]]","[[-329, -1912, 14, 100], [-283, 89, 1396, 62], [-543, -621, 35, 67], [-290, 518, 254, 33], [722, 1750, 1416, 12], [124, 2305, 908, 0], [327, 2769, 1397, 2]]"
1765904546.4185114,"[[-441, 263, 107, 39], [-260, 857, 291, 27], [-151, 1124, 405, 22]]","[[-446, -1935, 14, 101], [-331, 63, 1396, 63], [-615, -637, 35, 68], [-323, 492, 254, 34], [730, 1688, 1416, 13], [84, 2292, 908, 0], [370, 2720, 1397, 3]]"
1765904546.4763043,"[[-485, 243, 107, 40], [-283, 830, 291, 28], [-164, 1093, 405, 23]]","[[-570, -1952, 14, 102], [-382, 39, 1396, 64], [-692, -649, 35, 69], [-359, 467, 254, 35], [736, 1624, 1416, 14], [112, 2252, 908, 1], [414, 2669, 1397, 4]]"
1765904546.5463016,"[[-533, 221, 107, 41], [-308, 799, 291, 29], [-179, 1058, 405, 24]]","[[-702, -1969, 14, 103], [-438, 13, 1396, 65], [-774, -662, 35, 70], [-398, 439, 254, 36], [740, 1553, 1416, 15], [140, 2205, 908, 2], [-1, 2642, 1134, 0]]"
1765904546.608118,"[[-579, 204, 107, 42], [-333, 774, 291, 30], [-195, 1028, 405, 25]]","[[-828, -1977, 14, 104], [-491, -6, 1396, 66], [-852, -668, 35, 71], [-436, 417, 254, 37], [741, 1489, 1416, 16], [165, 2163, 908, 3], [-40, 2520, 1134, 0]]"
1765904546.6661139,"[[-620, 186, 107, 43], [-356, 748, 291, 31], [-209, 998, 405, 26]]","[[-938, -1985, 14, 105], [-538, -25, 1396, 67], [-920, -676, 35, 72], [-470, 395, 254, 38], [740, 1428, 1416, 17], [186, 2120, 908, 4], [-88, 2481, 1134, 0]]"
1765904546.732827,"[[-663, 165, 107, 44], [-380, 718, 291, 32], [-225, 963, 405, 27]]","[[-1053, -1993, 14, 106], [-588, -47, 1396, 68], [-992, -685, 35, 73], [-506, 369, 254, 39], [737, 1361, 1416, 18], [-134, 2395, 1134, 0]]"
1765904546.79615,"[[-709, 147, 107, 45], [-407, 690, 291, 33], [-243, 929, 405, 28]]","[[-1176, -1995, 14, 107], [-642, -66, 1396, 69], [-1068, -690, 35, 74], [-545, 346, 254, 40], [731, 1293, 1416, 19], [-102, 2357, 1134, 1]]"
1765904546.8523316,"[[-735, 140, 107, 46], [-422, 677, 291, 34], [-254, 913, 405, 29]]","[[-1244, -1991, 14, 108], [-672, -73, 1396, 70], [-1110, -689, 35, 75], [-567, 336, 254, 41], [726, 1257, 1416, 20], [-85, 2338, 1134, 2]]"
1765904546.9194536,"[[-792, 131, 107, 47], [-456, 654, 291, 35], [-278, 882, 405, 30]]","[[-1392, -1976, 14, 109], [-738, -84, 1396, 71], [-1202, -681, 35, 76], [-616, 319, 254, 42], [714, 1184, 1416, 21], [-258, 2264, 1134, 0]]"
1765904546.9826558,"[[-838, 122, 107, 48], [-484, 633, 291, 36], [-298, 855, 405, 31]]","[[-1509, -1963, 14, 110], [-791, -94, 1396, 72], [-1275, -675, 35, 77], [-655, 304, 254, 43], [702, 1123, 1416, 22], [-231, 2235, 1134, 1]]"
1765904547.039912,"[[-869, 94, 107, 49], [-503, 597, 291, 37], [-312, 815, 405, 32]]","[[-1588, -1973, 14, 111], [-827, -122, 1396, 73], [-1325, -691, 35, 78], [-682, 272, 254, 44], [693, 1059, 1416, 23], [-213, 2193, 1134, 2]]"
1765904547.1054509,"[[-895, 69, 107, 50], [-519, 565, 291, 38], [-324, 779, 405, 33]]","[[-1653, -1984, 14, 112], [-857, -147, 1396, 74], [-1366, -707, 35, 79], [-705, 243, 254, 45], [684, 1004, 1416, 24], [-199, 2155, 1134, 3]]"
1765904547.1664941,"[[-896, 28, 107, 51], [-519, 523, 291, 39], [-324, 737, 405, 34]]","[[-1656, -2024, 14, 113], [-858, -187, 1396, 75], [-1367, -747, 35, 80], [-706, 201, 254, 46], [683, 961, 1416, 25], [-198, 2113, 1134, 4]]"
1765904547.2230134,"[[-521, 477, 291, 40], [-325, 690, 405, 35]]","[[-861, -231, 1396, 76], [-1372, -790, 35, 81], [-708, 155, 254, 47], [681, 912, 1416, 26]]"
1765904547.2879899,"[[-525, 453, 291, 41], [-328, 665, 405, 36]]","[[-868, -253, 1396, 77], [-1381, -810, 35, 82], [-713, 131, 254, 48], [678, 883, 1416, 27]]"
1765904547.3504565,"[[-522, 404, 291, 42], [-326, 617, 405, 37]]","[[-864, -301, 1396, 78], [-1375, -859, 35, 83], [-709, 82, 254, 49], [679, 837, 1416, 28]]"
1765904547.4088655,"[[-513, 353, 291, 43], [-318, 567, 405, 38]]","[[-849, -354, 1396, 79], [-1356, -916, 35, 84], [-697, 29, 254, 50], [684, 795, 1416, 29]]"
1765904547.479033,"[[-508, 304, 291, 44], [-314, 518, 405, 39]]","[[-841, -404, 1396, 80], [-1346, -968, 35, 85], [-691, -20, 254, 51], [686, 750, 1416, 30]]"
1765904547.5384839,"[[-511, 258, 291, 45], [-316, 472, 405, 40]]","[[-846, -448, 1396, 81], [-1353, -1010, 35, 86], [-695, -64, 254, 52], [683, 701, 1416, 31]]"
1765904547.596528,"[[-529, 218, 291, 46], [-331, 429, 405, 41]]","[[-874, -482, 1396, 82], [-1389, -1036, 35, 87], [-717, -100, 254, 53], [671, 644, 1416, 32]]"
1765904547.6624427,"[[-551, 180, 291, 47], [-349, 388, 405, 42]]","[[-908, -513, 1396, 83], [-1432, -1058, 35, 88], [-744, -134, 254, 54], [656, 585, 1416, 33]]"
1765904547.7258294,"[[-559, 136, 291, 48], [-355, 343, 405, 43]]","[[-920, -554, 1396, 84], [-1448, -1095, 35, 89], [-754, -176, 254, 55], [650, 534, 1416, 34]]"
1765904547.7836192,"[[-556, 108, 291, 49], [-352, 316, 405, 44]]","[[-916, -581, 1396, 85], [-1443, -1123, 35, 90], [-750, -203, 254, 56], [651, 509, 1416, 35]]"
1765904547.8490803,"[[-546, 57, 291, 50], [-344, 266, 405, 45]]","[[-902, -633, 1396, 86], [-1426, -1179, 35, 91], [-738, -254, 254, 57], [657, 466, 1416, 36]]"
1765904547.9117703,"[[-524, 2, 291, 51], [-325, 214, 405, 46]]","[[-870, -692, 1396, 87], [-1386, -1246, 35, 92], [-712, -311, 254, 58], [672, 428, 1416, 37]]"
1765904547.968908,"[[-294, 154, 405, 47]]","[[-1320, -1329, 35, 93], [-669, -379, 254, 59], [697, 392, 1416, 38]]"
1765904548.0331318,"[[-274, 97, 405, 48]]","[[-1278, -1399, 35, 94], [-641, -440, 254, 60], [712, 350, 1416, 39]]"
1765904548.0968819,"[[-249, 45, 405, 49]]","[[-1227, -1467, 35, 95], [-607, -497, 254, 61], [731, 315, 1416, 40]]"
1765904548.1553628,[],"[[-583, -550, 254, 62], [745, 276, 1416, 41]]"
1765904548.221333,[],"[[-590, -594, 254, 63], [740, 226, 1416, 42]]"
1765904548.2851157,[],"[[-618, -632, 254, 64], [722, 169, 1416, 43]]"
1765904548.3428004,[],"[[-633, -648, 254, 65], [712, 143, 1416, 44]]"
1765904548.408205,[],"[[-658, -687, 254, 66], [695, 87, 1416, 45]]"
1765904548.4722774,[],"[[-678, -727, 254, 67], [681, 33, 1416, 46]]"
1765904548.530978,[],"[[-698, -762, 254, 68], [667, -14, 1416, 47]]"
1765904548.5891259,[],"[[-724, -800, 254, 69], [648, -68, 1416, 48]]"
1765904548.6554193,[],"[[-752, -837, 254, 70], [628, -122, 1416, 49]]"
1765904548.7183812,[],"[[-765, -874, 254, 71], [618, -167, 1416, 50]]"
1765904548.7753935,[],"[[-779, -890, 254, 72], [608, -191, 1416, 51]]"
1765904548.8418472,[],"[[-797, -930, 254, 73], [594, -242, 1416, 52]]"
1765904548.9043214,[],"[[-819, -964, 254, 74], [577, -289, 1416, 53]]"
1765904548.9613447,[],"[[-843, -997, 254, 75], [559, -336, 1416, 54]]"
1765904549.027683,[],"[[-864, -1036, 254, 76], [543, -387, 1416, 55]]"
1765904549.0907292,[],"[[-886, -1069, 254, 77], [526, -433, 1416, 56]]"
1765904549.1472285,[],"[[-898, -1085, 254, 78], [516, -456, 1416, 57]]"
1765904549.2133849,[],"[[-916, -1119, 254, 79], [501, -501, 1416, 58]]"
1765904549.2763853,[],"[[-927, -1156, 254, 80], [491, -544, 1416, 59]]"
1765904549.3349483,[],"[[-948, -1189, 254, 81], [474, -589, 1416, 60]]"
1765904549.4002683,[],"[[-973, -1216, 254, 82], [453, -629, 1416, 61]]"
1765904549.465888,[],"[[-990, -1251, 254, 83], [439, -673, 1416, 62]]"
1765904549.522877,[],"[[-1013, -1284, 254, 84], [420, -718, 1416, 63]]"
1765904549.5884175,[],"[[-1035, -1312, 254, 85], [401, -757, 1416, 64]]"
1765904549.6502388,[],"[[-1055, -1340, 254, 86], [384, -796, 1416, 65]]"
1765904549.7099447,[],"[[-1065, -1351, 254, 87], [375, -813, 1416, 66]]"
1765904549.7668953,[],"[[-1092, -1376, 254, 88], [352, -852, 1416, 67]]"
1765904549.8318987,[],"[[-1116, -1403, 254, 89], [332, -891, 1416, 68]]"
1765904549.892792,[],"[[-1137, -1430, 254, 90], [314, -929, 1416, 69]]"
1765904549.9500697,[],"[[-1155, -1459, 254, 91], [298, -967, 1416, 70]]"
1765904550.0128546,[],"[[-1181, -1479, 254, 92], [275, -1000, 1416, 71]]"
1765904550.0733964,[],"[[-1193, -1484, 254, 93], [264, -1011, 1416, 72]]"
1765904550.129904,[],"[[-1207, -1509, 254, 94], [252, -1043, 1416, 73]]"
1765904550.1952298,[],"[[-1219, -1524, 254, 95], [241, -1064, 1416, 74]]"
1765904550.2594676,[],"[[-1226, -1536, 254, 96], [234, -1080, 1416, 75]]"
1765904550.3182704,[],"[[-1233, -1543, 254, 97], [227, -1091, 1416, 76]]"
1765904550.3853068,[],"[[-1237, -1551, 254, 98], [222, -1101, 1416, 77]]"
1765904550.4459827,[],"[[-1239, -1550, 254, 99], [220, -1101, 1416, 78]]"
1765904550.5048146,[],"[[-1239, -1549, 254, 100], [219, -1101, 1416, 79]]"
1765904550.5712337,[],"[[-1237, -1554, 254, 101], [219, -1106, 1416, 80]]"
1765904550.6321337,[],"[[-1235, -1554, 254, 102], [219, -1105, 1416, 81]]"
1765904550.689444,[],"[[-1236, -1553, 254, 103], [218, -1105, 1416, 82]]"
1765904550.7469566,[],"[[-1236, -1563, 254, 104], [218, -1115, 1416, 83]]"
1765904550.8092158,[],"[[-1236, -1563, 254, 105], [218, -1115, 1416, 84]]"
1765904550.8680034,[],"[[-1236, -1563, 254, 106], [218, -1115, 1416, 85]]"
1765904550.925711,[],"[[-1236, -1563, 254, 107], [218, -1115, 1416, 86]]"
1765904550.993846,[],"[[-1236, -1563, 254, 108], [218, -1115, 1416, 87]]"
1765904551.0687482,[],"[[-1236, -1563, 254, 109], [218, -1115, 1416, 88]]"
1765904551.1296062,[],"[[-1236, -1563, 254, 110], [218, -1115, 1416, 89]]"
1765904551.1949074,[],"[[-1236, -1563, 254, 111], [218, -1115, 1416, 90]]"
1765904551.2588987,[],"[[-1236, -1563, 254, 112], [218, -1115, 1416, 91]]"
1765904551.319802,[],"[[-1236, -1563, 254, 113], [218, -1115, 1416, 92]]"
1765904551.3849576,[],"[[-1236, -1563, 254, 114], [218, -1115, 1416, 93]]"
1765904551.4481676,[],"[[-1236, -1563, 254, 115], [218, -1115, 1416, 94]]"
1765904551.5054843,[],"[[-1236, -1563, 254, 116], [218, -1115, 1416, 95]]"
1765904551.572407,[],"[[-1236, -1563, 254, 117], [218, -1115, 1416, 96]]"
1765904551.63714,[],"[[-1236, -1563, 254, 118], [218, -1115, 1416, 97]]"
1765904551.6970952,[],"[[-1236, -1563, 254, 119], [218, -1115, 1416, 98]]"
1765904551.7557726,[],"[[-1236, -1563, 254, 120], [218, -1115, 1416, 99]]"
1765904551.814484,[],"[[-1236, -1563, 254, 121], [218, -1115, 1416, 100]]"
1765904551.8739717,[],"[[-1236, -1563, 254, 122], [218, -1115, 1416, 101]]"
1765904551.9320807,[],"[[-1236, -1563, 254, 123], [218, -1115, 1416, 102]]"
1765904551.9990203,[],"[[-1236, -1563, 254, 124], [218, -1115, 1416, 103]]"
1765904552.0641184,[],"[[-1236, -1563, 254, 125], [218, -1115, 1416, 104]]"
1765904552.1243286,[],"[[-1236, -1563, 254, 126], [218, -1115, 1416, 105]]"
1765904552.1885312,[],"[[-1236, -1563, 254, 127], [218, -1115, 1416, 106]]"
