1765466630.0184963,87.8769282379392
1765466630.119325,92.78900339670797
1765466630.2193785,92.21751821408992
1765466630.312201,92.1893760749992
1765466630.4127357,93.12966627293235
1765466630.5081785,93.11324986355953
1765466630.6109529,91.70771465391314
1765466630.6896381,91.83435224283282
1765466630.7687452,92.33042213890901
1765466630.8480542,91.83023496768459
1765466630.9284227,91.85231282489937
1765466631.0081086,91.83918294026512
1765466631.0882854,91.8510084565332
1765466631.1674318,91.86110099289303
1765466631.2473752,91.84707717487514
1765466631.3267586,85.93968324869664
1765466631.4054716,85.97998251081425
1765466631.4852743,87.83126145055851
1765466631.563813,87.82662339411557
1765466631.6460245,87.35270970351132
1765466631.7241995,90.18412735095264
1765466631.8024473,90.93261597911041
1765466631.8807755,90.88934063913183
1765466631.9590635,90.26157383717297
1765466632.0386467,90.87729596306832
1765466632.1218994,90.70276046566192
1765466632.2010105,91.3089457580986
1765466632.2798753,91.2238068673053
1765466632.3581843,91.28302869954462
1765466632.4363856,91.2800100482094
1765466632.5148034,91.24928488664258
1765466632.5971317,90.73025888853158
1765466632.6763008,90.73118345473539
1765466632.7550695,90.69402038022079
1765466632.8355265,90.72658910062573
1765466632.9150355,90.76490691447597
1765466632.9936724,90.6792914570507
1765466633.0736263,91.28747551311874
1765466633.159551,90.4495883653412
1765466633.2425528,90.45070567065889
1765466633.3213131,90.44180591812018
1765466633.4020507,91.21563269715489
1765466633.4887354,91.24471445397265
1765466633.5677903,90.45119875406456
1765466633.6470895,90.45575913609953
1765466633.7247264,90.44934456426479
1765466633.802056,90.44410187207555
1765466633.8841438,91.22661318306758
1765466633.9629526,91.2078428109264
1765466634.0468476,90.44182033260718
1765466634.1277752,91.1834761862346
1765466634.2056801,90.46381856767243
1765466634.285178,90.47968181691898
1765466634.3633153,90.47367309924192
1765466634.451279,91.22696151418192
1765466634.5491345,91.22417660446149
1765466634.6274908,90.44363970498947
1765466634.7059505,90.50769977060921
1765466634.7863412,91.2168679268556
1765466634.8668609,91.24349837008667
1765466634.945391,90.45426244562357
1765466635.0232697,90.43701298210904
1765466635.1012897,90.43760575848819
1765466635.1794796,90.41622978042251
1765466635.258433,90.49799480361007
1765466635.336327,90.43602389280076
1765466635.4153001,91.23255031700135
1765466635.4930763,91.25339816155373
1765466635.571034,90.43095530658589
1765466635.6490483,90.4396386463436
1765466635.7271912,91.21166209005116
1765466635.8049634,91.24937628412444
1765466635.883272,91.18777053920098
1765466635.9627347,91.23374226586344
1765466636.0438378,91.47963602177244
1765466636.121349,91.44683868401073
1765466636.1996279,90.6976128754308
1765466636.2773948,90.68372752480414
1765466636.3563542,90.75470346568999
1765466636.4351223,91.27308510472001
1765466636.5140722,91.2888421460655
1765466636.592795,90.46809458753839
1765466636.670771,91.2570730453338
1765466636.7566125,91.23269829454775
1765466636.8366494,90.68672372587255
1765466636.91562,90.74846179965863
1765466636.994137,90.76410762862757
1765466637.071966,90.70865247893678
1765466637.1505191,90.75399925697117
1765466637.2292683,90.70786422459655
1765466637.3080873,90.73594692719658
1765466637.3859267,90.72203732364308
1765466637.4673097,90.78897376274466
1765466637.5452623,90.72769023221156
1765466637.6305757,90.67660146604506
1765466637.7087204,90.69710604307592
1765466637.7880387,90.00624818802106
1765466637.8653886,90.71457148613467
1765466637.944852,90.73071310778441
1765466638.0228362,90.7254875186069
1765466638.1012788,91.28543649948533
1765466638.1796494,91.26261990775072
1765466638.258145,90.1786229914305
1765466638.336666,90.90665570860837
1765466638.4137845,90.92443633215306
1765466638.4912078,90.20675016037818
1765466638.5691433,90.21118019976883
1765466638.6481204,90.68922308157948
1765466638.7272763,90.72375107249073
1765466638.8063111,90.6735178734303
1765466638.884352,91.22775559921413
1765466638.9623673,90.74863632627786
1765466639.0407398,90.7222369556586
1765466639.1185968,91.06224099198724
1765466639.1966288,91.23960729751872
1765466639.2754972,91.0186366203783
1765466639.353866,89.94905977142555
1765466639.432097,89.64766032123273
1765466639.5118747,96.49284759349187
1765466639.5895379,95.45385317259317
1765466639.667772,95.22125142355168
1765466639.7460802,94.82069847009123
1765466639.8244176,94.4804360603653
1765466639.9015644,86.87052066437093
1765466639.980129,86.8202571339499
1765466640.0587432,86.71385151551914
1765466640.1367419,85.83373477026416
1765466640.2193518,85.94002197620497
1765466640.297844,90.14925651698923
1765466640.3777614,89.3643406540112
1765466640.4576306,88.14469441539497
1765466640.537146,85.49304437095014
1765466640.615051,85.40511411494438
1765466640.6957493,101.71561097499142
1765466640.7725859,101.39336745957338
1765466640.8543112,102.99532303711902
1765466640.9339619,171.26337432485747
1765466641.0127301,173.26187070107108
1765466641.091387,173.51757930778558
1765466641.1697855,94.75389443860307
1765466641.2489522,95.558304246431
1765466641.3283806,96.72938237246818
1765466641.4076595,98.64564376856222
1765466641.487556,101.44823058472312
1765466641.565469,89.1104594618365
1765466641.6446846,90.42431597649414
1765466641.7218971,91.55379647498702
1765466641.8003566,94.2141382303038
1765466641.8795974,18.21134672563133
1765466641.9578807,24.965807706204956
1765466642.035576,102.02248619711793
1765466642.1139657,86.09151113840652
1765466642.1919289,85.36294031484871
1765466642.277897,60.68442656748639
1765466642.3567076,83.86889462113652
1765466642.4340394,89.54528621239562
1765466642.5109773,89.10973109431681
1765466642.5939124,88.86164330398599
1765466642.6737154,83.34415595018383
1765466642.7531788,86.30245219480561
1765466642.83116,82.4992910174659
1765466642.9095006,151.5816662785508
1765466642.9882104,155.62729087710665
1765466643.067072,158.90434456385375
1765466643.1443388,44.23749300721394
1765466643.2219307,66.10112726835541
1765466643.2997262,88.42616805752925
1765466643.3787782,99.08462196972644
1765466643.457104,105.07481895755218
1765466643.5346808,98.23421501910981
1765466643.6134787,82.32024324622557
1765466643.6925457,31.103447521055166
1765466643.7713647,35.46262915870634
1765466643.8501124,24.549054620253898
1765466643.928694,25.766919306645548
1765466644.0064166,33.106873082006935
1765466644.0867279,42.03666734098599
1765466644.167799,56.375482702034375
1765466644.2460468,62.31386550724068
1765466644.3249538,72.7853485098276
1765466644.4037185,76.50259005990696
1765466644.4814818,78.78425017952196
1765466644.559267,90.0
1765466644.6382358,90.0
1765466644.7164025,90.0
1765466644.7936077,90.0
1765466644.8712106,90.0
1765466644.9500923,90.0
1765466645.0274916,90.0
1765466645.1069613,34.054002968219294
1765466645.1934478,40.66018307694875
1765466645.2718985,44.62150415408299
1765466645.3514419,50.22584689639692
1765466645.4353564,61.8754731430113
1765466645.5149,64.53036115706074
1765466645.5940351,72.93020644338058
1765466645.6736748,76.40327110293438
1765466645.751076,77.86962834467258
1765466645.8320642,89.99426200623002
1765466645.9112136,89.99581817011565
1765466645.9889987,89.99615786412419
1765466646.0698311,17.545262543893116
1765466646.1471784,13.831272111096638
1765466646.2254393,12.553120107340135
1765466646.3109038,109.86308296538567
1765466646.3882122,111.88697091214219
1765466646.4668515,113.25213609085284
1765466646.54501,114.146308203962
1765466646.6245673,114.20783280003327
1765466646.7039602,90.0
1765466646.7842681,90.0
1765466646.8622873,90.0
1765466646.940442,90.0
1765466647.0203128,90.0
1765466647.0995314,90.0
1765466647.1789782,90.0
1765466647.2577293,90.0
1765466647.4244475,90.0
1765466647.5042725,90.0
1765466647.5818791,90.0
1765466647.661932,90.0
1765466647.7398093,90.0
1765466647.8176014,90.0
1765466647.8958104,90.0
1765466647.9738135,90.0
1765466648.051328,90.0
1765466648.1308053,90.0
1765466648.2079005,90.0
1765466648.2851567,90.0
1765466648.3631692,90.0
1765466648.4402933,90.0
1765466648.5185373,90.0
1765466648.5962105,90.0
1765466648.6770694,90.0
1765466648.7546039,90.0
1765466648.8382225,90.0
1765466648.9162214,90.0
1765466648.9947722,90.0
1765466649.0735002,90.0
1765466649.1522338,90.0
1765466649.230432,90.0
1765466649.3085093,90.0
1765466649.3862467,90.0
1765466649.4643807,90.0
1765466649.5421255,90.0
1765466649.6197639,90.0
1765466649.6976786,90.0
1765466649.7760944,90.0
1765466649.8554797,90.0
1765466649.9338222,90.0
1765466650.0107408,90.0
1765466650.0907166,90.0
1765466650.1682806,90.0
1765466650.2465374,90.0
1765466650.3245587,90.0
1765466650.4028594,90.0
1765466650.4846516,90.0
1765466650.5632825,90.0
1765466650.6432738,90.0
1765466650.726939,90.0
1765466650.8079348,90.0
1765466650.8885467,90.0
1765466650.9817917,90.0
1765466651.0727203,90.0
1765466651.1657698,90.0
1765466651.2467291,90.0
1765466651.327765,90.0
1765466651.406909,90.0
1765466651.4993196,90.0
1765466651.5787442,90.0
1765466651.6585186,90.0
1765466651.7391133,90.0
1765466651.8216832,90.0
1765466651.902518,90.0
1765466651.9826753,90.0
1765466652.0637307,90.0
1765466652.1425242,90.0
1765466754.1430607,90.0
1765466754.1699955,90.0
1765466754.2011137,88.42817477053525
1765466754.2300293,87.8769282379392
1765466754.2622573,92.75648151502155
1765466754.2897515,92.78900339670797
1765466754.3220696,92.21751821408994
1765466754.3535664,92.24316625707874
1765466754.3844616,92.18937607499919
1765466754.4147627,93.12966627293235
1765466754.446222,93.11324986355955
1765466754.4730897,91.3783363318588
1765466754.5059412,91.70771465391316
1765466754.5352745,91.83435224283282
1765466754.5661118,92.33042213890901
1765466754.5949554,91.83023496768459
1765466754.6259031,91.85231282489939
1765466754.6566029,91.8391829402651
1765466754.6863122,91.83674456335373
1765466754.717891,91.85100845653321
1765466754.7472804,91.86110099289303
1765466754.7792172,91.84707717487512
1765466754.807063,85.93968324869664
1765466754.8427384,85.97998251081424
1765466754.8738592,87.83126145055851
1765466754.906126,87.82662339411556
1765466754.9356403,87.36330312880472
1765466754.9661877,87.35270970351132
1765466754.9940696,90.18412735095264
1765466755.0247705,90.93261597911041
1765466755.0562217,90.88934063913183
1765466755.086161,90.26157383717297
1765466755.1172836,90.8772959630683
1765466755.1470864,90.21497469502367
1765466755.2373166,90.70276046566191
1765466755.4376616,91.3089457580986
1765466755.638068,91.2238068673053
1765466755.838272,91.28302869954462
1765466756.0385385,91.28001004820942
1765466756.2391207,91.24928488664258
1765466756.4396782,90.73777047656397
1765466756.642336,90.73025888853158
1765466756.8408217,90.73118345473539
1765466757.0421495,90.69402038022078
1765466757.2423658,90.72658910062573
1765466757.4421299,90.76490691447596
1765466757.642645,90.6792914570507
1765466757.8429666,91.27156273947762
1765466758.0430832,91.28747551311874
1765466758.2435071,90.4495883653412
1765466758.4439044,90.4507056706589
1765466758.644347,90.4418059181202
1765466758.8446045,91.21563269715489
1765466759.0472438,91.22256545434146
1765466759.245677,91.24471445397265
1765466759.4466827,90.45119875406456
1765466759.6467369,90.45575913609953
1765466759.8474636,90.4493445642648
1765466760.047614,90.44410187207555
1765466760.2482555,91.22661318306758
1765466760.4487255,91.2078428109264
1765466760.6492715,90.42612492122309
1765466760.8496141,90.44182033260718
1765466761.0501263,91.18347618623461
1765466761.2506814,90.46381856767245
1765466761.4512439,90.47968181691898
1765466761.6515176,90.47367309924192
1765466761.8522124,91.22696151418192
1765466762.0527482,91.19881202079334
1765466762.2533746,91.22417660446149
1765466762.4537904,90.44363970498947
1765466762.6538477,90.50769977060922
1765466762.854402,91.2168679268556
1765466763.0549407,91.24349837008666
1765466763.2554314,90.4536089632478
1765466763.4559853,90.45426244562357
1765466763.6564665,90.43701298210902
1765466763.8569734,90.43760575848819
1765466764.0573614,90.41622978042251
1765466764.2577205,90.49799480361007
1765466764.4582956,90.43602389280076
1765466764.6584978,91.23255031700137
1765466764.8590167,91.25932761730608
1765466765.0614133,91.25339816155373
1765466765.259944,90.43095530658587
1765466765.460637,90.4396386463436
1765466765.6614466,91.21166209005119
1765466765.861878,91.24937628412444
1765466766.0625598,91.18777053920097
1765466766.2630644,91.23485100861976
1765466766.4635863,91.23374226586344
1765466766.6642985,91.47963602177244
1765466766.8646102,91.44683868401073
1765466767.0653522,90.69761287543079
1765466767.266171,90.68372752480414
1765466767.4664273,90.75470346568999
1765466767.6671655,91.24467178549867
1765466767.8673728,91.27308510472001
1765466768.0679579,91.28884214606549
1765466768.2686307,90.46809458753837
1765466768.4691055,91.2570730453338
1765466768.669746,91.26385253940003
1765466768.87035,91.23269829454775
1765466769.070715,90.68672372587255
1765466769.2710881,90.74846179965863
1765466769.4717577,90.76410762862756
1765466769.6717944,90.70865247893678
1765466769.8735452,90.75399925697118
1765466770.0723119,90.70786422459656
1765466770.2729924,90.72240838481257
1765466770.4733293,90.73594692719658
1765466770.6740167,90.72203732364308
1765466770.8746905,90.78897376274465
1765466771.075329,90.72769023221156
1765466771.2760153,90.67660146604504
1765466771.476692,90.71335237515176
1765466771.6770668,90.69710604307592
1765466771.8776839,90.00624818802108
1765466772.0778537,90.71457148613467
1765466772.278251,90.73071310778441
1765466772.4785607,90.7254875186069
1765466772.6788416,91.28543649948536
1765466772.8791325,91.29655478988626
1765466773.0796707,91.26261990775073
1765466773.2801843,90.1786229914305
1765466773.4806707,90.90665570860837
1765466773.6813335,90.92443633215306
1765466773.88202,90.20675016037819
1765466774.0829096,90.21118019976883
1765466774.2831886,90.68922308157948
1765466774.4834554,90.74820421215736
1765466774.683957,90.72375107249073
1765466774.884854,90.67351787343028
1765466775.0854774,91.22775559921412
1765466775.2859666,90.74863632627786
1765466775.486335,90.72223695565862
1765466775.686923,91.06224099198725
1765466775.8878663,91.2396072975187
1765466776.0882378,90.82412958565665
1765466776.2884667,91.01863662037829
1765466776.4889848,89.94905977142554
1765466776.689359,89.64766032123276
1765466776.890165,96.49284759349186
1765466777.092812,95.45385317259316
1765466777.2913642,95.47137030465186
1765466777.4920487,95.22125142355168
1765466777.6924644,94.82069847009123
1765466777.892896,94.48043606036529
1765466778.0934336,86.87052066437093
1765466778.2945552,86.8202571339499
1765466778.494702,86.71385151551912
1765466778.6954556,86.09934728152524
1765466778.8959768,85.83373477026417
1765466779.0964713,85.94002197620496
1765466779.2970705,90.14925651698921
1765466779.4976842,89.36434065401122
1765466779.6981797,88.14469441539498
1765466779.8986013,85.88338528753059
1765466780.0992339,85.49304437095016
1765466780.300837,85.4051141149444
1765466780.500288,101.71561097499139
1765466780.7010489,101.39336745957337
1765466780.9016385,102.99532303711905
1765466781.1018505,171.26337432485744
1765466781.3028066,172.66366099848713
1765466781.5032237,173.26187070107105
1765466781.7034822,173.51757930778558
1765466781.903859,94.7538944386031
1765466782.1042936,95.558304246431
1765466782.3048306,96.72938237246817
1765466782.5053184,98.64564376856222
1765466782.7055795,99.68218625345344
1765466782.9061632,101.44823058472312
1765466783.106802,89.1104594618365
1765466783.307243,90.42431597649416
1765466783.5075693,91.55379647498704
1765466783.7082498,94.21413823030377
1765466783.9089549,94.39057349146124
1765466784.1096492,18.211346725631515
1765466784.3103554,24.96580770620507
1765466784.5105634,102.0224861971183
1765466784.7111225,86.09151113840649
1765466784.9116445,85.36294031484864
1765466785.1121526,75.5591837053387
1765466785.3125632,60.68442656748648
1765466785.513071,83.86889462113653
1765466785.7138555,89.54528621239562
1765466785.914248,89.1097310943168
1765466786.114906,88.861643303986
1765466786.315565,83.4783029177545
1765466786.5159483,83.34415595018382
1765466786.7164843,86.30245219480561
1765466786.9166868,82.49929101746588
1765466787.1171095,151.58166627855078
1765466787.317655,154.45904093951214
1765466787.5182076,155.6272908771066
1765466787.7206988,158.90434456385415
1765466787.919297,44.23749300721411
1765466788.1201463,66.10112726835533
1765466788.3211057,88.42616805752935
1765466788.5217378,99.08462196972638
1765466788.7221837,103.95890188160803
1765466788.9227917,105.07481895755224
1765466789.123274,98.23421501910978
1765466789.3236308,82.32024324622562
1765466789.5241408,31.103447521057596
1765466789.7248304,33.08345831436952
1765466789.9252841,35.46262915871129
1765466790.127359,24.549054620254438
1765466790.3258245,25.766919306645747
1765466790.5262432,33.106873082007176
1765466790.7268815,39.537558790238435
1765466790.9276745,42.03666734098581
1765466791.1285777,56.37548270203408
1765466791.32874,62.31386550724084
1765466791.5294507,68.24884188641856
1765466791.72991,72.78534850982754
1765466791.9306781,76.50259005990688
1765466792.1313634,78.78425017952219
1765466792.331908,90.0
1765466792.5324857,90.0
1765466792.7336426,90.0
1765466792.9336674,90.0
1765466793.1339166,90.0
1765466793.3342886,90.0
1765466793.5348115,90.0
1765466793.7354138,90.0
1765466793.9358695,90.0
1765466794.1365588,34.054002968219294
1765466794.3372712,36.15258378581237
1765466794.5376868,40.6601830769487
1765466794.7381432,44.62150415408282
1765466794.9385831,50.225846896396924
1765466795.1396408,56.09646059846424
1765466795.3401692,61.87547314301153
1765466795.5405967,64.53036115706064
1765466795.7413213,69.47770825665101
1765466795.9419274,72.93020644338046
1765466796.1424525,76.40327110293431
1765466796.34245,77.8696283446724
1765466796.5431788,89.99426200623002
1765466796.7437518,89.99527156864272
1765466796.9440966,89.99581817011565
1765466797.1445172,89.99615786412419
1765466797.345227,89.99667149938841
1765466797.5458972,17.545262543893116
1765466797.7465935,13.831272111096638
1765466797.946878,12.553120107340163
1765466798.1472893,107.71720749813373
1765466798.3480775,109.86308296538564
1765466798.5485427,111.88697091214208
1765466798.7489166,113.25213609085284
1765466798.9499166,113.41540910297593
1765466799.1500723,114.14630820396201
1765466799.350283,114.2078328000333
1765466799.550938,90.0
1765466799.7530265,90.0
1765466799.9520943,90.0
1765466800.1524694,90.0
1765466800.353023,90.0
1765466800.553654,90.0
1765466800.7541013,90.0
1765466800.956456,90.0
1765466801.1556242,90.0
1765466801.3560011,90.0
1765466801.5566778,90.0
1765466801.7572508,90.0
1765466801.9577482,90.0
1765466802.1583097,90.0
1765466802.3588424,90.0
1765466802.5591004,90.0
1765466802.759542,90.0
1765466802.9598157,90.0
1765466803.1601894,90.0
1765466803.3608913,90.0
1765466803.5612156,90.0
1765466803.7616916,90.0
1765466803.9621885,90.0
1765466804.1625752,90.0
1765466804.3628783,90.0
1765466804.5636115,90.0
1765466804.7641888,90.0
1765466804.9647703,90.0
1765466805.1650314,90.0
1765466805.3657546,90.0
1765466805.566046,90.0
1765466805.7668748,90.0
1765466805.9676063,90.0
1765466806.1683218,90.0
1765466806.370247,90.0
1765466806.568845,90.0
1765466806.7694013,90.0
1765466806.9696348,90.0
1765466807.1701455,90.0
1765466807.3704896,90.0
1765466807.5709193,90.0
1765466807.77136,90.0
1765466807.971827,90.0
1765466808.172392,90.0
1765466808.3727138,90.0
1765466808.5738478,90.0
1765466808.7745814,90.0
1765466808.974834,90.0
1765466809.1754947,90.0
1765466809.375573,90.0
1765466809.5758793,90.0
1765466809.7763116,90.0
1765466809.9767218,90.0
1765466810.1769843,90.0
1765466810.3788288,90.0
1765466810.5779657,90.0
1765466810.7782567,90.0
1765466810.97889,90.0
1765466811.1795018,90.0
1765466811.3797796,90.0
1765466811.580242,90.0
1765466811.7809367,90.0
1765466811.9809315,90.0
1765466812.181973,90.0
1765466812.3820558,90.0
1765466972.4375215,90.0
1765466972.4687107,90.0
1765466972.4983287,88.42817477053525
1765466972.5289211,87.8769282379392
1765466972.5598125,92.75648151502155
1765466972.5888772,92.78900339670797
1765466972.6192515,92.21751821408994
1765466972.6487937,92.24316625707874
1765466972.6785846,92.18937607499919
1765466972.7094166,93.12966627293235
1765466972.7392619,93.11324986355955
1765466972.7692666,91.3783363318588
1765466972.7993426,91.70771465391316
1765466972.8284302,91.83435224283282
1765466972.8570294,92.33042213890901
1765466972.8976555,91.83023496768459
1765466972.928165,91.85231282489939
1765466972.9649308,91.8391829402651
1765466972.9954998,91.83674456335373
1765466973.0314355,91.85100845653321
1765466973.0608952,91.86110099289303
1765466973.0947251,91.84707717487512
1765466973.1235006,85.93968324869664
1765466973.1565428,85.97998251081424
1765466973.1873147,87.83126145055851
1765466973.2200549,87.82662339411556
1765466973.249994,87.36330312880472
1765466973.282727,87.35270970351132
1765466973.3120806,90.18412735095264
1765466973.343931,90.93261597911041
1765466973.3726413,90.88934063913183
1765466973.4053206,90.26157383717297
1765466973.4344487,90.8772959630683
1765466973.4666505,90.21497469502367
1765466973.5276322,90.70276046566191
1765466973.7281148,91.3089457580986
1765466973.9287333,91.2238068673053
1765466974.1293015,91.28302869954462
1765466974.3296409,91.28001004820942
1765466974.5305746,91.24928488664258
1765466974.7304418,90.73777047656397
1765466974.9371886,90.73025888853158
1765466975.1364143,90.73118345473539
1765466975.336757,90.69402038022078
1765466975.5370002,90.72658910062573
1765466975.7377625,90.76490691447596
1765466975.938332,90.6792914570507
1765466976.139231,91.27156273947762
1765466976.339252,91.28747551311874
1765466976.5402918,90.4495883653412
1765466976.7402048,90.4507056706589
1765466976.9411485,90.4418059181202
1765466977.1414154,91.21563269715489
1765466977.3421052,91.22256545434146
1765466977.5428839,91.24471445397265
1765466977.7442565,90.45119875406456
1765466977.9444673,90.45575913609953
1765466978.1447432,90.4493445642648
1765466978.3452845,90.44410187207555
1765466978.546117,91.22661318306758
1765466978.746557,91.2078428109264
1765466978.949463,90.42612492122309
1765466979.1483295,90.44182033260718
1765466979.3485672,91.18347618623461
1765466979.549241,90.46381856767245
1765466979.7495978,90.47968181691898
1765466979.9500747,90.47367309924192
1765466980.151072,91.22696151418192
1765466980.351183,91.19881202079334
1765466980.5528092,91.22417660446149
1765466980.7532399,90.44363970498947
1765466980.9538698,90.50769977060922
1765466981.1543186,91.2168679268556
1765466981.3545768,91.24349837008666
1765466981.5560808,90.4536089632478
1765466981.7553968,90.45426244562357
1765466981.9556139,90.43701298210902
1765466982.156085,90.43760575848819
1765466982.3561916,90.41622978042251
1765466982.5564053,90.49799480361007
1765466982.7569525,90.43602389280076
1765466982.9574354,91.23255031700137
1765466983.160007,91.25932761730608
1765466983.3579872,91.25339816155373
1765466983.558263,90.43095530658587
1765466983.7596307,90.4396386463436
1765466983.958962,91.21166209005119
1765466984.1610706,91.24937628412444
1765466984.3601584,91.18777053920097
1765466984.5609703,91.23485100861976
1765466984.7614064,91.23374226586344
1765466984.961597,91.47963602177244
1765466985.162293,91.44683868401073
1765466985.3626218,90.69761287543079
1765466985.5632026,90.68372752480414
1765466985.7638113,90.75470346568999
1765466985.9644623,91.24467178549867
1765466986.1655085,91.27308510472001
1765466986.365495,91.28884214606549
1765466986.5656774,90.46809458753837
1765466986.7660704,91.2570730453338
1765466986.9665658,91.26385253940003
1765466987.167279,91.23269829454775
1765466987.3686404,90.68672372587255
1765466987.5692997,90.74846179965863
1765466987.7732,90.76410762862756
1765466987.9740005,90.70865247893678
1765466988.1736352,90.75399925697118
1765466988.3732631,90.70786422459656
1765466988.5733745,90.72240838481257
1765466988.7741046,90.73594692719658
1765466988.974593,90.72203732364308
1765466989.17505,90.78897376274465
1765466989.3755102,90.72769023221156
1765466989.5762804,90.67660146604504
1765466989.7765238,90.71335237515176
1765466989.9770262,90.69710604307592
1765466990.1774201,90.00624818802108
1765466990.377863,90.71457148613467
1765466990.5782933,90.73071310778441
1765466990.7786503,90.7254875186069
1765466990.979304,91.28543649948536
1765466991.1797314,91.29655478988626
1765466991.3802571,91.26261990775073
1765466991.580539,90.1786229914305
1765466991.7807267,90.90665570860837
1765466991.9813466,90.92443633215306
1765466992.1815994,90.20675016037819
1765466992.3825927,90.21118019976883
1765466992.5829825,90.68922308157948
1765466992.7829788,90.74820421215736
1765466992.983611,90.72375107249073
1765466993.1849313,90.67351787343028
1765466993.3845458,91.22775559921412
1765466993.5847628,90.74863632627786
1765466993.7852635,90.72223695565862
1765466993.9856002,91.06224099198725
1765466994.18573,91.2396072975187
1765466994.3859334,90.82412958565665
1765466994.586867,91.01863662037829
1765466994.786954,89.94905977142554
1765466994.987265,89.64766032123276
1765466995.1877308,96.49284759349186
1765466995.389294,95.45385317259316
1765466995.5884936,95.47137030465186
1765466995.7892358,95.22125142355168
1765466995.9897573,94.82069847009123
1765466996.1900916,94.48043606036529
1765466996.3907905,86.87052066437093
1765466996.591382,86.8202571339499
1765466996.791616,86.71385151551912
1765466996.991891,86.09934728152524
1765466997.1923792,85.83373477026417
1765466997.3926582,85.94002197620496
1765466997.5932438,90.14925651698921
1765466997.794198,89.36434065401122
1765466997.994474,88.14469441539498
1765466998.194571,85.88338528753059
1765466998.3964832,85.49304437095016
1765466998.595015,85.4051141149444
1765466998.7953343,101.71561097499139
1765466998.9959323,101.39336745957337
1765466999.1963594,102.99532303711905
1765466999.3968453,171.26337432485744
1765466999.5973222,172.66366099848713
1765466999.7980056,173.26187070107105
1765466999.998232,173.51757930778558
1765467000.1987722,94.7538944386031
1765467000.399376,95.558304246431
1765467000.6001458,96.72938237246817
1765467000.8007445,98.64564376856222
1765467001.0011914,99.68218625345344
1765467001.2017024,101.44823058472312
1765467001.402017,89.1104594618365
1765467001.6025043,90.42431597649416
1765467001.802733,91.55379647498704
1765467002.0033486,94.21413823030377
1765467002.203707,94.39057349146124
1765467002.404442,18.211346725631515
1765467002.6050184,24.96580770620507
1765467002.806062,102.0224861971183
1765467003.0067868,86.09151113840649
1765467003.2069404,85.36294031484864
1765467003.407418,75.5591837053387
1765467003.6081843,60.68442656748648
1765467003.8089228,83.86889462113653
1765467004.0088165,89.54528621239562
1765467004.2094393,89.1097310943168
1765467004.4095948,88.861643303986
1765467004.6098638,83.4783029177545
1765467004.8102703,83.34415595018382
1765467005.0108466,86.30245219480561
1765467005.2115688,82.49929101746588
1765467005.4118512,151.58166627855078
1765467005.6123443,154.45904093951214
1765467005.8126209,155.6272908771066
1765467006.0134,158.90434456385415
1765467006.2138443,44.23749300721411
1765467006.4145322,66.10112726835533
1765467006.6146104,88.42616805752935
1765467006.8152323,99.08462196972638
1765467007.0158005,103.95890188160803
1765467007.2163866,105.07481895755224
1765467007.4167337,98.23421501910978
1765467007.6170135,82.32024324622562
1765467007.8176274,31.103447521057596
1765467008.01848,33.08345831436952
1765467008.2190413,35.46262915871129
1765467008.4214633,24.549054620254438
1765467008.6199496,25.766919306645747
1765467008.8204107,33.106873082007176
1765467009.020907,39.537558790238435
1765467009.221155,42.03666734098581
1765467009.4216943,56.37548270203408
1765467009.6220858,62.31386550724084
1765467009.822575,68.24884188641856
1765467010.0229144,72.78534850982754
1765467010.2234957,76.50259005990688
1765467010.4241135,78.78425017952219
1765467010.624542,90.0
1765467010.82477,90.0
1765467011.0257375,90.0
1765467011.225528,90.0
1765467011.4263852,90.0
1765467011.6263685,90.0
1765467011.8271015,90.0
1765467012.0276656,90.0
1765467012.2280731,90.0
1765467012.428662,34.054002968219294
1765467012.6289492,36.15258378581237
1765467012.829475,40.6601830769487
1765467013.0301554,44.62150415408282
1765467013.2304895,50.225846896396924
1765467013.4308364,56.09646059846424
1765467013.6309953,61.87547314301153
1765467013.831352,64.53036115706064
1765467014.0318863,69.47770825665101
1765467014.2322898,72.93020644338046
1765467014.4326665,76.40327110293431
1765467014.6329713,77.8696283446724
1765467014.833316,89.99426200623002
1765467015.0337274,89.99527156864272
1765467015.2345288,89.99581817011565
1765467015.4347515,89.99615786412419
1765467015.635168,89.99667149938841
1765467015.8838596,17.545262543893116
1765467016.036091,13.831272111096638
1765467016.2363217,12.553120107340163
1765467016.4378211,107.71720749813373
1765467016.6380935,109.86308296538564
1765467016.8387003,111.88697091214208
1765467017.039171,113.25213609085284
1765467017.2401912,113.41540910297593
1765467017.44073,114.14630820396201
1765467017.6407485,114.2078328000333
1765467017.8411977,90.0
1765467018.0413866,90.0
1765467018.2417994,90.0
1765467292.565823,90.0
1765467292.5935838,90.0
1765467292.6267462,88.42817477053525
1765467292.6611254,87.8769282379392
1765467292.6905622,92.75648151502155
1765467292.7222903,92.78900339670797
1765467292.7505286,92.21751821408994
1765467292.7836008,92.24316625707874
1765467292.8122272,92.18937607499919
1765467292.8431535,93.12966627293235
1765467292.8720977,93.11324986355955
1765467292.9038134,91.3783363318588
1765467292.9380653,91.70771465391316
1765467292.9690483,91.83435224283282
1765467292.9983394,92.33042213890901
1765467293.0305781,91.83023496768459
1765467293.0592637,91.85231282489939
1765467293.0934932,91.8391829402651
1765467293.3435695,91.83674456335373
1765467293.371745,91.85100845653321
1765467293.4040504,91.86110099289303
1765467293.432029,91.84707717487512
1765467293.4620326,85.93968324869664
1765467293.4892762,85.97998251081424
1765467293.5192919,87.83126145055851
1765467293.5520122,87.82662339411556
1765467293.5808518,87.36330312880472
1765467293.611792,87.35270970351132
1765467293.644311,90.18412735095264
1765467293.6722858,90.93261597911041
1765467293.7018347,90.88934063913183
1765467293.730886,90.26157383717297
1765467293.7621477,90.8772959630683
1765467293.7943654,90.21497469502367
1765467293.823144,90.70276046566191
1765467293.8539648,91.3089457580986
1765467294.032121,91.2238068673053
1765467294.2326918,91.28302869954462
1765467294.4333591,91.28001004820942
1765467294.6334321,91.24928488664258
1765467294.8341725,90.73777047656397
1765467295.034791,90.73025888853158
1765467295.2350578,90.73118345473539
1765467295.4358916,90.69402038022078
1765467295.6368895,90.72658910062573
1765467295.8370469,90.76490691447596
1765467296.0370047,90.6792914570507
1765467296.2373755,91.27156273947762
1765467296.4376426,91.28747551311874
1765467296.638468,90.4495883653412
1765467296.8384013,90.4507056706589
1765467297.0389678,90.4418059181202
1765467297.239307,91.21563269715489
1765467297.4401257,91.22256545434146
1765467297.6411166,91.24471445397265
1765467297.8417892,90.45119875406456
1765467298.0425057,90.45575913609953
1765467298.2429345,90.4493445642648
1765467298.4437056,90.44410187207555
1765467298.6441982,91.22661318306758
1765467298.8443143,91.2078428109264
1765467299.044642,90.42612492122309
1765467299.2453358,90.44182033260718
1765467299.4457483,91.18347618623461
1765467299.6465013,90.46381856767245
1765467299.846831,90.47968181691898
1765467300.0474603,90.47367309924192
1765467300.2475166,91.22696151418192
1765467300.448399,91.19881202079334
1765467300.6489775,91.22417660446149
1765467300.84936,90.44363970498947
1765467301.0499768,90.50769977060922
1765467301.25048,91.2168679268556
1765467301.4510381,91.24349837008666
1765467301.651534,90.4536089632478
1765467301.8522103,90.45426244562357
1765467302.052751,90.43701298210902
1765467302.253144,90.43760575848819
1765467302.4537888,90.41622978042251
1765467302.654175,90.49799480361007
1765467302.854924,90.43602389280076
1765467303.055365,91.23255031700137
1765467303.2558985,91.25932761730608
1765467303.456218,91.25339816155373
1765467303.6589513,90.43095530658587
1765467303.8576782,90.4396386463436
1765467304.0580645,91.21166209005119
1765467304.25894,91.24937628412444
1765467304.4597511,91.18777053920097
1765467304.6601682,91.23485100861976
1765467304.8608408,91.23374226586344
1765467305.061329,91.47963602177244
1765467305.262008,91.44683868401073
1765467305.4628754,90.69761287543079
1765467305.663637,90.68372752480414
1765467305.8638792,90.75470346568999
1765467306.064587,91.24467178549867
1765467306.2651763,91.27308510472001
1765467306.4655912,91.28884214606549
1765467306.6660607,90.46809458753837
1765467306.8667026,91.2570730453338
1765467307.0672882,91.26385253940003
1765467307.2675877,91.23269829454775
1765467307.4678755,90.68672372587255
1765467307.6684873,90.74846179965863
1765467307.8692086,90.76410762862756
1765467308.0693278,90.70865247893678
1765467308.269866,90.75399925697118
1765467308.4708178,90.70786422459656
1765467308.6712542,90.72240838481257
1765467308.8717387,90.73594692719658
1765467309.0724258,90.72203732364308
1765467309.273127,90.78897376274465
1765467309.473507,90.72769023221156
1765467309.6739395,90.67660146604504
1765467309.8743172,90.71335237515176
1765467310.0744154,90.69710604307592
1765467310.274921,90.00624818802108
1765467310.4752882,90.71457148613467
1765467310.6757004,90.73071310778441
1765467310.8759475,90.7254875186069
1765467311.0761895,91.28543649948536
1765467311.2767508,91.29655478988626
1765467311.4772754,91.26261990775073
1765467311.677849,90.1786229914305
1765467311.8786013,90.90665570860837
1765467312.0789266,90.92443633215306
1765467312.2794778,90.20675016037819
1765467312.4799407,90.21118019976883
1765467312.680445,90.68922308157948
1765467312.8808692,90.74820421215736
1765467313.0814075,90.72375107249073
1765467313.2815342,90.67351787343028
1765467313.4822054,91.22775559921412
1765467313.68261,90.74863632627786
1765467313.8830066,90.72223695565862
1765467314.0834699,91.06224099198725
1765467314.2837758,91.2396072975187
1765467314.4839723,90.82412958565665
1765467314.6844587,91.01863662037829
1765467314.8849342,89.94905977142554
1765467315.0852275,89.64766032123276
1765467315.2857132,96.49284759349186
1765467315.4859555,95.45385317259316
1765467315.6873431,95.47137030465186
1765467315.88704,95.22125142355168
1765467316.0878477,94.82069847009123
1765467316.2883868,94.48043606036529
1765467316.4888015,86.87052066437093
1765467316.6893265,86.8202571339499
1765467316.8903153,86.71385151551912
1765467317.089946,86.09934728152524
1765467317.2902174,85.83373477026417
1765467317.490698,85.94002197620496
1765467317.69099,90.14925651698921
1765467317.8914988,89.36434065401122
1765467318.092018,88.14469441539498
1765467318.2925937,85.88338528753059
1765467318.4929438,85.49304437095016
1765467318.693347,85.4051141149444
1765467318.893747,101.71561097499139
1765467319.0942194,101.39336745957337
1765467319.2946537,102.99532303711905
1765467319.4949977,171.26337432485744
1765467319.6955884,172.66366099848713
1765467319.8958156,173.26187070107105
1765467320.096146,173.51757930778558
1765467320.2969532,94.7538944386031
1765467320.4974859,95.558304246431
1765467320.6977718,96.72938237246817
1765467320.898359,98.64564376856222
1765467321.0987206,99.68218625345344
1765467321.2991836,101.44823058472312
1765467321.499826,89.1104594618365
1765467321.6999998,90.42431597649416
1765467321.9004667,91.55379647498704
1765467322.100849,94.21413823030377
1765467322.3013248,94.39057349146124
1765467322.5016277,18.211346725631515
1765467322.702248,24.96580770620507
1765467322.9031885,102.0224861971183
1765467323.1040735,86.09151113840649
1765467323.3046646,85.36294031484864
1765467323.5049596,75.5591837053387
1765467323.7057552,60.68442656748648
1765467323.9058495,83.86889462113653
1765467324.1060925,89.54528621239562
1765467324.3063712,89.1097310943168
1765467324.5071445,88.861643303986
1765467324.7075577,83.4783029177545
1765467324.9078922,83.34415595018382
1765467325.1084712,86.30245219480561
1765467325.3087907,82.49929101746588
1765467325.5092652,151.58166627855078
1765467325.7098331,154.45904093951214
1765467325.9105618,155.6272908771066
1765467326.1110456,158.90434456385415
1765467326.3115263,44.23749300721411
1765467326.5123184,66.10112726835533
1765467326.7128034,88.42616805752935
1765467326.9136455,99.08462196972638
1765467327.113902,103.95890188160803
1765467327.3146245,105.07481895755224
1765467327.5153272,98.23421501910978
1765467327.7156613,82.32024324622562
1765467327.916109,31.103447521057596
1765467328.1162238,33.08345831436952
1765467328.3169055,35.46262915871129
1765467328.5172696,24.549054620254438
1765467328.7174702,25.766919306645747
1765467328.9176354,33.106873082007176
1765467329.1180406,39.537558790238435
1765467329.3185668,42.03666734098581
1765467329.5188189,56.37548270203408
1765467329.719069,62.31386550724084
1765467329.9195478,68.24884188641856
1765467330.1202345,72.78534850982754
1765467330.3206902,76.50259005990688
1765467330.521087,78.78425017952219
1765467330.721287,90.0
1765467330.9214869,90.0
1765467331.123654,90.0
1765467331.3224564,90.0
1765467331.5230207,90.0
1765467331.7235544,90.0
1765467331.9238482,90.0
1765467332.1256664,90.0
1765467332.3247037,90.0
1765467332.5406115,34.054002968219294
1765467332.7415516,36.15258378581237
1765467332.9417837,40.6601830769487
1765467333.142763,44.62150415408282
1765467333.3432791,50.225846896396924
1765467333.5438545,56.09646059846424
1765467333.7442157,61.87547314301153
1765467333.9445245,64.53036115706064
1765467334.145117,69.47770825665101
1765467334.3458734,72.93020644338046
1765467334.5461037,76.40327110293431
1765467334.7467167,77.8696283446724
1765467334.9473717,89.99426200623002
1765467335.148138,89.99527156864272
1765467335.348623,89.99581817011565
1765467335.5490396,89.99615786412419
1765467335.7499332,89.99667149938841
1765467335.9505126,17.545262543893116
1765467336.151098,13.831272111096638
1765467336.3517742,12.553120107340163
1765467336.5520382,107.71720749813373
1765467336.7527199,109.86308296538564
1765467336.9532237,111.88697091214208
1765467337.1540656,113.25213609085284
1765467337.3548717,113.41540910297593
1765467337.5554776,114.14630820396201
1765467337.756256,114.2078328000333
1765467337.9572022,90.0
1765467338.157592,90.0
1765467338.3577013,90.0
1765467338.5581238,90.0
1765467338.7586389,90.0
1765467338.959215,90.0
1765467339.1598794,90.0
1765467339.3603055,90.0
1765467339.5607352,90.0
1765467339.7613122,90.0
1765467339.9621527,90.0
1765467340.1626072,90.0
1765467340.3631685,90.0
1765467340.5637462,90.0
1765467340.7642534,90.0
1765467340.9650588,90.0
1765467341.1657674,90.0
1765467341.366556,90.0
1765467341.5669947,90.0
1765467341.768078,90.0
1765467341.9682486,90.0
1765467342.1682193,90.0
1765467342.36883,90.0
1765467342.5691917,90.0
1765467342.769639,90.0
1765467342.9699676,90.0
1765467343.1707067,90.0
1765467343.3713853,90.0
1765467343.5720522,90.0
1765467343.7730067,90.0
1765467343.9735332,90.0
1765467344.1742601,90.0
1765467344.3747811,90.0
1765467344.5751817,90.0
1765467344.775681,90.0
1765467344.97607,90.0
1765467345.1765518,90.0
1765467345.3767996,90.0
1765467345.5773342,90.0
1765467345.7777138,90.0
1765467345.9780283,90.0
1765467346.1787744,90.0
1765467346.3790045,90.0
1765467346.5796788,90.0
1765467346.7801967,90.0
1765467346.980457,90.0
1765467347.1810188,90.0
1765467347.3815887,90.0
1765467347.5817437,90.0
1765467347.7823844,90.0
1765467347.9829905,90.0
1765467348.1833093,90.0
1765467348.3838613,90.0
1765467348.5842898,90.0
1765467348.8015482,90.0
1765467348.9855924,90.0
1765467349.1860688,90.0
1765467349.3863122,90.0
1765467349.5866804,90.0
1765467349.7874753,90.0
1765467349.9881382,90.0
1765467350.2203445,90.0
1765467350.4200501,90.0
1765467350.620431,90.0
1765467350.8206716,90.0
1765467351.0214431,90.0
1765467351.2217495,90.0
1765467351.4221747,90.0
1765467351.6225512,90.0
1765467351.8233917,90.0
1765467352.0235157,90.0
1765467352.2238886,90.0
1765467352.4240139,90.0
1765467386.8207707,90.0
1765467386.8531497,90.0
1765467386.8821833,88.42817477053525
1765467386.916782,87.8769282379392
1765467386.9455307,92.75648151502155
1765467386.9783497,92.78900339670797
1765467387.0074024,92.21751821408994
1765467387.0373673,92.24316625707874
1765467387.0698042,92.18937607499919
1765467387.098887,93.12966627293235
1765467387.1296031,93.11324986355955
1765467387.157874,91.3783363318588
1765467387.189706,91.70771465391316
1765467387.2232764,91.83435224283282
1765467387.2559512,92.33042213890901
1765467387.2870052,91.83023496768459
1765467387.3171196,91.85231282489939
1765467387.3486624,91.8391829402651
1765467387.377281,91.83674456335373
1765467387.4092402,91.85100845653321
1765467387.4377315,91.86110099289303
1765467387.470081,91.84707717487512
1765467387.4987142,85.93968324869664
1765467387.5291348,85.97998251081424
1765467387.5579224,87.83126145055851
1765467387.5901582,87.82662339411556
1765467387.618273,87.36330312880472
1765467387.649184,87.35270970351132
1765467387.6776059,90.18412735095264
1765467387.7091062,90.93261597911041
1765467387.736758,90.88934063913183
1765467387.7693813,90.26157383717297
1765467387.7983963,90.8772959630683
1765467387.829979,90.21497469502367
1765467387.9154494,90.70276046566191
1765467388.1157634,91.3089457580986
1765467388.3173132,91.2238068673053
1765467388.5166428,91.28302869954462
1765467388.7171674,91.28001004820942
1765467388.917845,91.24928488664258
1765467389.1183012,90.73777047656397
1765467389.319259,90.73025888853158
1765467389.5194802,90.73118345473539
1765467389.7200603,90.69402038022078
1765467389.920526,90.72658910062573
1765467390.1214862,90.76490691447596
1765467390.3217728,90.6792914570507
1765467390.5224736,91.27156273947762
1765467390.7223983,91.28747551311874
1765467390.9227982,90.4495883653412
1765467391.1235323,90.4507056706589
1765467391.3240776,90.4418059181202
1765467391.5246289,91.21563269715489
1765467391.7254832,91.22256545434146
1765467391.9261105,91.24471445397265
1765467392.1266406,90.45119875406456
1765467392.3272114,90.45575913609953
1765467392.527406,90.4493445642648
1765467392.7278378,90.44410187207555
1765467392.928283,91.22661318306758
1765467393.1288307,91.2078428109264
1765467393.3290288,90.42612492122309
1765467393.5296254,90.44182033260718
1765467393.7300026,91.18347618623461
1765467393.930372,90.46381856767245
1765467394.131156,90.47968181691898
1765467394.3320787,90.47367309924192
1765467394.532439,91.22696151418192
1765467394.7327187,91.19881202079334
1765467394.9335208,91.22417660446149
1765467395.1341977,90.44363970498947
1765467395.3346102,90.50769977060922
1765467395.535171,91.2168679268556
1765467395.7355988,91.24349837008666
1765467395.935947,90.4536089632478
1765467396.1365085,90.45426244562357
1765467396.3371484,90.43701298210902
1765467396.5371099,90.43760575848819
1765467396.7376537,90.41622978042251
1765467396.9395933,90.49799480361007
1765467397.1390839,90.43602389280076
1765467397.3395834,91.23255031700137
1765467397.5420756,91.25932761730608
1765467397.7407486,91.25339816155373
1765467397.941282,90.43095530658587
1765467398.141992,90.4396386463436
1765467398.3426325,91.21166209005119
1765467398.5430975,91.24937628412444
1765467398.74346,91.18777053920097
1765467398.9438732,91.23485100861976
1765467399.1446958,91.23374226586344
1765467399.3453193,91.47963602177244
1765467399.547043,91.44683868401073
1765467399.7464235,90.69761287543079
1765467399.9467306,90.68372752480414
1765467400.147139,90.75470346568999
1765467400.34772,91.24467178549867
1765467400.5480716,91.27308510472001
1765467400.7485788,91.28884214606549
1765467400.9489517,90.46809458753837
1765467401.1494367,91.2570730453338
1765467401.3497663,91.26385253940003
1765467401.5502267,91.23269829454775
1765467401.750525,90.68672372587255
1765467401.951268,90.74846179965863
1765467402.1517885,90.76410762862756
1765467402.352556,90.70865247893678
1765467402.553208,90.75399925697118
1765467402.7539432,90.70786422459656
1765467402.9545245,90.72240838481257
1765467403.155029,90.73594692719658
1765467403.3558443,90.72203732364308
1765467403.556515,90.78897376274465
1765467403.7572658,90.72769023221156
1765467403.957998,90.67660146604504
1765467404.1584637,90.71335237515176
1765467404.3588564,90.69710604307592
1765467404.559215,90.00624818802108
1765467404.7598865,90.71457148613467
1765467404.9604533,90.73071310778441
1765467405.1609275,90.7254875186069
1765467405.3612845,91.28543649948536
1765467405.5619004,91.29655478988626
1765467405.7622125,91.26261990775073
1765467405.9626536,90.1786229914305
1765467406.1630397,90.90665570860837
1765467406.3638046,90.92443633215306
1765467406.5648594,90.20675016037819
1765467406.764667,90.21118019976883
1765467406.965221,90.68922308157948
1765467407.1659584,90.74820421215736
1765467407.3662055,90.72375107249073
1765467407.5708718,90.67351787343028
1765467407.7865353,91.22775559921412
1765467407.9876928,90.74863632627786
1765467408.1875265,90.72223695565862
1765467408.3882053,91.06224099198725
1765467408.5887642,91.2396072975187
1765467408.7894557,90.82412958565665
1765467408.9900494,91.01863662037829
1765467409.1903732,89.94905977142554
1765467409.3906455,89.64766032123276
1765467409.590748,96.49284759349186
1765467409.7911425,95.45385317259316
1765467409.9917724,95.47137030465186
1765467410.1914382,95.22125142355168
1765467410.391997,94.82069847009123
1765467410.5926955,94.48043606036529
1765467410.793484,86.87052066437093
1765467410.993604,86.8202571339499
1765467411.1942458,86.71385151551912
1765467411.394561,86.09934728152524
1765467411.5953245,85.83373477026417
1765467411.7958994,85.94002197620496
1765467411.9965193,90.14925651698921
1765467412.197285,89.36434065401122
1765467412.3978932,88.14469441539498
1765467412.598632,85.88338528753059
1765467412.7990382,85.49304437095016
1765467412.9995248,85.4051141149444
1765467413.1998508,101.71561097499139
1765467413.4001877,101.39336745957337
1765467413.6004784,102.99532303711905
1765467413.8011527,171.26337432485744
1765467414.001586,172.66366099848713
1765467414.2020946,173.26187070107105
1765467414.402549,173.51757930778558
1765467414.603132,94.7538944386031
1765467414.803399,95.558304246431
1765467415.003894,96.72938237246817
1765467415.2043188,98.64564376856222
1765467415.4049673,99.68218625345344
1765467415.6054633,101.44823058472312
1765467415.8058777,89.1104594618365
1765467416.0067234,90.42431597649416
1765467416.2071726,91.55379647498704
1765467416.4076462,94.21413823030377
1765467416.6081815,94.39057349146124
1765467416.80834,18.211346725631515
1765467417.0088625,24.96580770620507
1765467417.2093763,102.0224861971183
1765467417.4100592,86.09151113840649
1765467417.6105602,85.36294031484864
1765467417.8109682,75.5591837053387
1765467418.0113993,60.68442656748648
1765467418.2118263,83.86889462113653
1765467418.412197,89.54528621239562
1765467418.6127336,89.1097310943168
1765467418.8132956,88.861643303986
1765467419.0138376,83.4783029177545
1765467419.214098,83.34415595018382
1765467419.4147553,86.30245219480561
1765467419.615313,82.49929101746588
1765467419.8159986,151.58166627855078
1765467420.0189457,154.45904093951214
1765467420.2176535,155.6272908771066
1765467420.4183133,158.90434456385415
1765467420.6190841,44.23749300721411
1765467420.819511,66.10112726835533
1765467421.0200908,88.42616805752935
1765467421.2204547,99.08462196972638
1765467421.4210382,103.95890188160803
1765467421.6213815,105.07481895755224
1765467421.8219197,98.23421501910978
1765467422.0225034,82.32024324622562
1765467422.2230046,31.103447521057596
1765467422.4234557,33.08345831436952
1765467422.6239574,35.46262915871129
1765467422.8244526,24.549054620254438
1765467423.024979,25.766919306645747
1765467423.2253964,33.106873082007176
1765467423.425941,39.537558790238435
1765467423.6260836,42.03666734098581
1765467423.8262866,56.37548270203408
1765467424.0270586,62.31386550724084
1765467424.2426589,68.24884188641856
1765467424.4433262,72.78534850982754
1765467424.643804,76.50259005990688
1765467424.8443,78.78425017952219
1765467425.0449297,90.0
1765467425.2453747,90.0
1765467425.4458144,90.0
1765467425.646166,90.0
1765467425.8467467,90.0
1765467426.0486715,90.0
1765467426.2481658,90.0
1765467426.4484773,90.0
1765467426.6490655,90.0
1765467426.8493352,34.054002968219294
1765467427.0495622,36.15258378581237
1765467427.249855,40.6601830769487
1765467427.4506755,44.62150415408282
1765467427.651176,50.225846896396924
1765467427.8516,56.09646059846424
1765467428.052036,61.87547314301153
1765467428.2527025,64.53036115706064
1765467428.453131,69.47770825665101
1765467428.6536124,72.93020644338046
1765467428.8539612,76.40327110293431
1765467429.0544415,77.8696283446724
1765467429.2552257,89.99426200623002
1765467429.455856,89.99527156864272
1765467429.6562958,89.99581817011565
1765467429.8567226,89.99615786412419
1765467430.0570915,89.99667149938841
1765467430.2574692,17.545262543893116
1765467430.4576495,13.831272111096638
1765467430.6579554,12.553120107340163
1765467430.8582466,107.71720749813373
1765467431.0588253,109.86308296538564
1765467431.258719,111.88697091214208
1765467431.4589174,113.25213609085284
1765467431.6594968,113.41540910297593
1765467431.860157,114.14630820396201
1765467432.0605912,114.2078328000333
1765467432.2608979,90.0
1765467432.4616795,90.0
1765467432.662018,90.0
1765467432.8626423,90.0
1765467433.0630305,90.0
1765467433.263932,90.0
1765467433.4642196,90.0
1765467433.6648927,90.0
1765467433.8653786,90.0
1765467434.0658107,90.0
1765467434.2661817,90.0
1765467434.467043,90.0
1765467434.6673298,90.0
1765467434.8674867,90.0
1765467435.0676897,90.0
1765467435.2679622,90.0
1765467435.468069,90.0
1765467435.6698725,90.0
1765467435.869039,90.0
1765467436.0697546,90.0
1765467436.2703962,90.0
1765467436.4714015,90.0
1765467436.6722846,90.0
1765467436.8728466,90.0
1765467437.07313,90.0
1765467437.2730315,90.0
1765467437.4736779,90.0
1765467437.6741269,90.0
1765467437.8743172,90.0
1765467438.0749838,90.0
1765467438.2752597,90.0
1765467438.4753294,90.0
1765467458.8356328,90.0
1765467458.8646655,90.0
1765467458.8972566,88.42817477053525
1765467458.925457,87.8769282379392
1765467458.9570456,92.75648151502155
1765467458.9869401,92.78900339670797
1765467459.0192428,92.21751821408994
1765467459.0482087,92.24316625707874
1765467459.0803828,92.18937607499919
1765467459.1081717,93.12966627293235
1765467459.1404405,93.11324986355955
1765467459.1725764,91.3783363318588
1765467459.2011955,91.70771465391316
1765467459.2329307,91.83435224283282
1765467459.261215,92.33042213890901
1765467459.2929847,91.83023496768459
1765467459.320767,91.85231282489939
1765467459.3529046,91.8391829402651
1765467459.3815484,91.83674456335373
1765467459.4148178,91.85100845653321
1765467459.444111,91.86110099289303
1765467459.4764206,91.84707717487512
1765467459.5039186,85.93968324869664
1765467459.536696,85.97998251081424
1765467459.5675766,87.83126145055851
1765467459.6006465,87.82662339411556
1765467459.6303048,87.36330312880472
1765467459.6625245,87.35270970351132
1765467459.691346,90.18412735095264
1765467459.7238982,90.93261597911041
1765467459.7574196,90.88934063913183
1765467459.789697,90.26157383717297
1765467459.820004,90.8772959630683
1765467459.8512216,90.21497469502367
1765467459.931919,90.70276046566191
1765467460.132108,91.3089457580986
1765467460.3326027,91.2238068673053
1765467460.532851,91.28302869954462
1765467460.7338545,91.28001004820942
1765467460.9344287,91.24928488664258
1765467461.1352074,90.73777047656397
1765467461.3357303,90.73025888853158
1765467461.5361445,90.73118345473539
1765467461.7364264,90.69402038022078
1765467461.9370234,90.72658910062573
1765467462.1376927,90.76490691447596
1765467462.3382115,90.6792914570507
1765467462.5384777,91.27156273947762
1765467462.7386546,91.28747551311874
1765467462.939078,90.4495883653412
1765467463.1399667,90.4507056706589
1765467463.3400204,90.4418059181202
1765467463.540193,91.21563269715489
1765467463.742384,91.22256545434146
1765467463.941428,91.24471445397265
1765467464.1416073,90.45119875406456
1765467464.3422568,90.45575913609953
1765467464.5426772,90.4493445642648
1765467464.7430768,90.44410187207555
1765467464.9433222,91.22661318306758
1765467465.1435053,91.2078428109264
1765467465.3439634,90.42612492122309
1765467465.5446782,90.44182033260718
1765467465.7448814,91.18347618623461
1765467465.9456747,90.46381856767245
1765467466.1462026,90.47968181691898
1765467466.34673,90.47367309924192
1765467466.5472164,91.22696151418192
1765467466.747632,91.19881202079334
1765467466.9478457,91.22417660446149
1765467467.1484303,90.44363970498947
1765467467.3491294,90.50769977060922
1765467467.5495815,91.2168679268556
1765467467.7501905,91.24349837008666
1765467467.9503243,90.4536089632478
1765467468.1511173,90.45426244562357
1765467468.3515427,90.43701298210902
1765467468.5522516,90.43760575848819
1765467468.7530286,90.41622978042251
1765467468.9538236,90.49799480361007
1765467469.1543434,90.43602389280076
1765467469.3545883,91.23255031700137
1765467469.5550895,91.25932761730608
1765467469.7551107,91.25339816155373
1765467469.9555922,90.43095530658587
1765467470.1562216,90.4396386463436
1765467470.356517,91.21166209005119
1765467470.5585876,91.24937628412444
1765467470.7574809,91.18777053920097
1765467470.9581096,91.23485100861976
1765467471.1588047,91.23374226586344
1765467471.359497,91.47963602177244
1765467471.5601318,91.44683868401073
1765467471.7606304,90.69761287543079
1765467471.9612515,90.68372752480414
1765467472.1616108,90.75470346568999
1765467472.3621445,91.24467178549867
1765467472.56278,91.27308510472001
1765467472.7633164,91.28884214606549
1765467472.9641085,90.46809458753837
1765467473.1642954,91.2570730453338
1765467473.364789,91.26385253940003
1765467473.5652974,91.23269829454775
1765467473.765891,90.68672372587255
1765467473.9663887,90.74846179965863
1765467474.1666443,90.76410762862756
1765467474.367311,90.70865247893678
1765467474.5680323,90.75399925697118
1765467474.7684865,90.70786422459656
1765467474.9690335,90.72240838481257
1765467475.1698442,90.73594692719658
1765467475.3704765,90.72203732364308
1765467475.5709822,90.78897376274465
1765467475.771573,90.72769023221156
1765467475.9724562,90.67660146604504
1765467476.1728852,90.71335237515176
1765467476.3732038,90.69710604307592
1765467476.573848,90.00624818802108
1765467476.7742305,90.71457148613467
1765467476.974771,90.73071310778441
1765467477.1752017,90.7254875186069
1765467477.3754573,91.28543649948536
1765467477.575775,91.29655478988626
1765467477.7763343,91.26261990775073
1765467477.9766815,90.1786229914305
1765467478.1771982,90.90665570860837
1765467478.377673,90.92443633215306
1765467478.5781276,90.20675016037819
1765467478.7786565,90.21118019976883
1765467478.9794111,90.68922308157948
1765467479.1799238,90.74820421215736
1765467479.3802652,90.72375107249073
1765467479.5809317,90.67351787343028
1765467479.7816238,91.22775559921412
1765467479.982023,90.74863632627786
1765467480.182472,90.72223695565862
1765467480.3828983,91.06224099198725
1765467480.5833218,91.2396072975187
1765467480.7838972,90.82412958565665
1765467480.9845827,91.01863662037829
1765467481.1852615,89.94905977142554
1765467481.3859186,89.64766032123276
1765467481.58671,96.49284759349186
1765467481.7874787,95.45385317259316
1765467481.9880474,95.47137030465186
1765467482.1885378,95.22125142355168
1765467482.3892713,94.82069847009123
1765467482.590067,94.48043606036529
1765467482.790494,86.87052066437093
1765467482.9907513,86.8202571339499
1765467483.1914876,86.71385151551912
1765467483.3922043,86.09934728152524
1765467483.592713,85.83373477026417
1765467483.7932286,85.94002197620496
1765467483.9939115,90.14925651698921
1765467484.1946175,89.36434065401122
1765467484.3953574,88.14469441539498
1765467484.5958374,85.88338528753059
1765467484.796184,85.49304437095016
1765467484.996734,85.4051141149444
1765467485.1971805,101.71561097499139
1765467485.3977413,101.39336745957337
1765467485.5983498,102.99532303711905
1765467485.7988546,171.26337432485744
1765467485.9995546,172.66366099848713
1765467486.2000182,173.26187070107105
1765467486.4005373,173.51757930778558
1765467486.6010008,94.7538944386031
1765467486.80167,95.558304246431
1765467487.0019476,96.72938237246817
1765467487.2023227,98.64564376856222
1765467487.4026952,99.68218625345344
1765467487.6029365,101.44823058472312
1765467487.8034801,89.1104594618365
1765467488.0044045,90.42431597649416
1765467488.2044685,91.55379647498704
1765467488.4049122,94.21413823030377
1765467488.6053777,94.39057349146124
1765467488.8059947,18.211346725631515
1765467489.006537,24.96580770620507
1765467489.207579,102.0224861971183
1765467489.4079554,86.09151113840649
1765467489.6085637,85.36294031484864
1765467489.8086388,75.5591837053387
1765467490.0091064,60.68442656748648
1765467490.2099185,83.86889462113653
1765467490.4102294,89.54528621239562
1765467490.6117027,89.1097310943168
1765467490.810743,88.861643303986
1765467491.0113666,83.4783029177545
1765467491.2120645,83.34415595018382
1765467491.4123163,86.30245219480561
1765467491.6127384,82.49929101746588
1765467491.8132653,151.58166627855078
1765467492.0139928,154.45904093951214
1765467492.2148376,155.6272908771066
1765467492.4151902,158.90434456385415
1765467492.6159189,44.23749300721411
1765467492.8166215,66.10112726835533
1765467493.0171115,88.42616805752935
1765467493.217873,99.08462196972638
1765467493.4184911,103.95890188160803
1765467493.6187909,105.07481895755224
1765467493.8191168,98.23421501910978
1765467494.0197155,82.32024324622562
1765467494.2203526,31.103447521057596
1765467494.4208422,33.08345831436952
1765467494.6213963,35.46262915871129
1765467494.821793,24.549054620254438
1765467495.0221,25.766919306645747
1765467495.2225292,33.106873082007176
1765467495.4226902,39.537558790238435
1765467495.6229534,42.03666734098581
1765467495.82344,56.37548270203408
1765467496.0240452,62.31386550724084
1765467496.2246633,68.24884188641856
1765467496.4252574,72.78534850982754
1765467496.6256287,76.50259005990688
1765467496.8260498,78.78425017952219
