inputVectorsYTurn = [[-368.0, 540.0, 0],
                    [-365.0, 1100.0, 0],
                    [-403.0, 2250.0, 0],
                    [-1.0, 3680.0, 0],
                    [1044.0, 4540.0, 0],
                    [1847.0, 4690.0, 0],
                    [2477.0, 4800.0, 0],
                    [2900.0, 5200.0, 0],
                    [3000.0, 5600.0, 0],
                    [2910.0, 6300.0, 0]]
inputVectorsBTurn = [[353.0, 670.0, 1],
                    [377.0, 1330.0, 1],
                    [351.0, 2150.0, 1],
                    [779.0, 3230.0, 1],
                    [1353.0, 3710.0, 1],
                    [1977.0, 3890.0, 1],
                    [3000.0, 4000.0, 1],
                    [3700.0, 4700.0, 1],
                    [3800.0, 5700.0, 1],
                    [3810.0, 6300.0, 1]]