1765544413.6565735,"[[-300, 5, 0, 3], [-300, 750, 0, 3], [-300, 1500, 0, 3]]","[[300, 1, 1, 3], [300, 755, 1, 3], [300, 1505, 1, 3]]"
1765544413.7300537,"[[-300, 5, 0, 4], [-300, 750, 0, 4], [-300, 1500, 0, 4]]","[[300, 1, 1, 4], [300, 755, 1, 4], [300, 1505, 1, 4]]"
1765544413.7989225,"[[-300, 5, 0, 5], [-300, 750, 0, 5], [-300, 1500, 0, 5]]","[[300, 1, 1, 5], [300, 755, 1, 5], [300, 1505, 1, 5], [747, 3053, 1733, 0], [187, 2059, 440, 0]]"
1765544413.8649282,"[[-300, 5, 0, 6], [-300, 750, 0, 6], [-300, 1500, 0, 6]]","[[300, 1, 1, 6], [300, 755, 1, 6], [300, 1505, 1, 6], [746, 3051, 1733, 0], [187, 2059, 440, 1]]"
1765544413.9265792,"[[-300, 5, 0, 7], [-300, 750, 0, 7], [-300, 1500, 0, 7]]","[[300, 1, 1, 7], [300, 755, 1, 7], [300, 1505, 1, 7], [779, 3048, 1733, 0], [187, 2059, 440, 2]]"
1765544413.9863365,"[[-300, 5, 0, 8], [-300, 750, 0, 8], [-300, 1500, 0, 8]]","[[300, 1, 1, 8], [300, 755, 1, 8], [300, 1505, 1, 8], [779, 3048, 1733, 0], [187, 2059, 440, 3]]"
1765544414.0531528,"[[-300, 5, 0, 9], [-300, 750, 0, 9], [-300, 1500, 0, 9]]","[[300, 1, 1, 9], [300, 755, 1, 9], [300, 1505, 1, 9], [779, 3047, 1733, 0], [187, 2059, 440, 4]]"
1765544414.114946,"[[-300, 5, 0, 10], [-300, 750, 0, 10], [-300, 1500, 0, 10]]","[[300, 1, 1, 10], [300, 755, 1, 10], [300, 1505, 1, 10], [776, 3048, 1733, 0]]"
1765544414.1750638,"[[-300, 5, 0, 11], [-300, 750, 0, 11], [-300, 1500, 0, 11]]","[[300, 1, 1, 11], [300, 755, 1, 11], [300, 1505, 1, 11], [741, 2966, 1733, 0]]"
1765544414.2430015,"[[-300, 5, 0, 12], [-300, 750, 0, 12], [-300, 1500, 0, 12]]","[[300, 1, 1, 12], [300, 755, 1, 12], [300, 1505, 1, 12], [695, 2946, 1733, 0]]"
1765544414.3076134,"[[-300, 5, 0, 13], [-300, 750, 0, 13], [-300, 1500, 0, 13]]","[[300, 1, 1, 13], [300, 755, 1, 13], [300, 1505, 1, 13], [783, 3049, 1733, 0]]"
1765544414.3698065,"[[-300, 5, 0, 14], [-300, 750, 0, 14], [-300, 1500, 0, 14]]","[[300, 1, 1, 14], [300, 755, 1, 14], [300, 1505, 1, 14], [783, 3049, 1733, 1]]"
1765544414.4389386,"[[-300, 5, 0, 15], [-300, 750, 0, 15], [-300, 1500, 0, 15]]","[[300, 1, 1, 15], [300, 755, 1, 15], [300, 1505, 1, 15], [782, 3047, 1733, 0]]"
1765544414.505444,"[[-300, 5, 0, 16], [-300, 750, 0, 16], [-300, 1500, 0, 16]]","[[300, 1, 1, 16], [300, 755, 1, 16], [300, 1505, 1, 16], [782, 3047, 1733, 1], [337, 2505, 1062, 0]]"
1765544414.5685105,"[[-300, 5, 0, 17], [-300, 750, 0, 17], [-300, 1500, 0, 17]]","[[300, 1, 1, 17], [300, 755, 1, 17], [300, 1505, 1, 17], [783, 3050, 1733, 0], [280, 2336, 1062, 0]]"
1765544414.6389594,"[[-300, 5, 0, 18], [-300, 750, 0, 18], [-300, 1500, 0, 18]]","[[300, 1, 1, 18], [300, 755, 1, 18], [300, 1505, 1, 18], [783, 3050, 1733, 0], [306, 2412, 1062, 0]]"
1765544414.705563,"[[-300, 5, 0, 19], [-300, 750, 0, 19], [-300, 1500, 0, 19]]","[[300, 1, 1, 19], [300, 755, 1, 19], [300, 1505, 1, 19], [723, 2997, 1733, 0], [306, 2412, 1062, 1]]"
1765544414.767752,"[[-300, 5, 0, 20], [-300, 750, 0, 20], [-300, 1500, 0, 20]]","[[300, 1, 1, 20], [300, 755, 1, 20], [300, 1505, 1, 20], [782, 3047, 1733, 0], [306, 2412, 1062, 2], [169, 2003, 484, 0]]"
1765544414.836628,"[[-300, 5, 0, 21], [-300, 750, 0, 21], [-300, 1500, 0, 21]]","[[300, 1, 1, 21], [300, 755, 1, 21], [300, 1505, 1, 21], [672, 2893, 1733, 0], [306, 2412, 1062, 3], [211, 2128, 484, 0]]"
1765544414.9028213,"[[-300, 5, 0, 22], [-300, 750, 0, 22], [-300, 1500, 0, 22]]","[[300, 1, 1, 22], [300, 755, 1, 22], [300, 1505, 1, 22], [782, 3048, 1733, 0], [306, 2412, 1062, 4], [241, 2218, 484, 0]]"
1765544414.9645338,"[[-300, 5, 0, 23], [-300, 750, 0, 23], [-300, 1500, 0, 23]]","[[300, 1, 1, 23], [300, 755, 1, 23], [300, 1505, 1, 23], [784, 3046, 1733, 0], [241, 2218, 484, 1]]"
1765544415.033691,"[[-300, 5, 0, 24], [-300, 750, 0, 24], [-300, 1500, 0, 24]]","[[300, 1, 1, 24], [300, 755, 1, 24], [300, 1505, 1, 24], [783, 3049, 1733, 0], [241, 2219, 484, 0]]"
1765544415.10027,"[[-300, 5, 0, 25], [-300, 750, 0, 25], [-300, 1500, 0, 25]]","[[300, 1, 1, 25], [300, 755, 1, 25], [300, 1505, 1, 25], [782, 3047, 1733, 0], [224, 2168, 484, 0]]"
1765544415.162175,"[[-300, 5, 0, 26], [-300, 750, 0, 26], [-300, 1500, 0, 26]]","[[300, 1, 1, 26], [300, 755, 1, 26], [300, 1505, 1, 26], [786, 3048, 1733, 0], [181, 2040, 484, 0]]"
1765544415.2317107,"[[-300, 5, 0, 27], [-300, 750, 0, 27], [-300, 1500, 0, 27]]","[[300, 1, 1, 27], [300, 755, 1, 27], [300, 1505, 1, 27], [707, 2964, 1733, 0], [181, 2040, 484, 1]]"
1765544415.2988255,"[[-300, 5, 0, 28], [-300, 750, 0, 28], [-300, 1500, 0, 28]]","[[300, 1, 1, 28], [300, 755, 1, 28], [300, 1505, 1, 28], [785, 3047, 1733, 0], [225, 2171, 484, 0]]"
1765544415.3613126,"[[-300, 5, 0, 29], [-300, 750, 0, 29], [-300, 1500, 0, 29]]","[[300, 1, 1, 29], [300, 755, 1, 29], [300, 1505, 1, 29], [785, 3047, 1733, 0], [169, 2003, 484, 0]]"
1765544415.430709,"[[-300, 5, 0, 30], [-300, 750, 0, 30], [-300, 1500, 0, 30]]","[[300, 1, 1, 30], [300, 755, 1, 30], [300, 1505, 1, 30], [785, 3047, 1733, 1], [169, 2003, 484, 1]]"
1765544415.494901,"[[-300, 5, 0, 31], [-300, 750, 0, 31], [-300, 1500, 0, 31]]","[[300, 1, 1, 31], [300, 755, 1, 31], [300, 1505, 1, 31], [781, 3046, 1733, 0], [168, 2002, 484, 0]]"
1765544415.5583777,"[[-300, 5, 0, 32], [-300, 750, 0, 32], [-300, 1500, 0, 32]]","[[300, 1, 1, 32], [300, 755, 1, 32], [300, 1505, 1, 32], [786, 3048, 1733, 0], [181, 2039, 484, 0]]"
1765544415.6200912,"[[-300, 5, 0, 33], [-300, 750, 0, 33], [-300, 1500, 0, 33]]","[[300, 1, 1, 33], [300, 755, 1, 33], [300, 1505, 1, 33], [781, 3045, 1733, 0], [180, 2038, 484, 0]]"
1765544415.6858163,"[[-300, 5, 0, 34], [-300, 750, 0, 34], [-300, 1500, 0, 34]]","[[300, 1, 1, 34], [300, 755, 1, 34], [300, 1505, 1, 34], [782, 3048, 1733, 0], [225, 2170, 484, 0]]"
1765544415.7510245,"[[-300, 5, 0, 35], [-300, 750, 0, 35], [-300, 1500, 0, 35]]","[[300, 1, 1, 35], [300, 755, 1, 35], [300, 1505, 1, 35], [782, 3048, 1733, 0], [169, 2003, 484, 0]]"
1765544415.8114443,"[[-300, 5, 0, 36], [-300, 750, 0, 36], [-300, 1500, 0, 36]]","[[300, 1, 1, 36], [300, 755, 1, 36], [300, 1505, 1, 36], [781, 3045, 1733, 0], [169, 2003, 484, 1]]"
1765544415.8813941,"[[-300, 5, 0, 37], [-300, 750, 0, 37], [-300, 1500, 0, 37]]","[[300, 1, 1, 37], [300, 755, 1, 37], [300, 1505, 1, 37], [782, 3047, 1733, 0], [169, 2003, 484, 2]]"
1765544415.9447596,"[[-300, 5, 0, 38], [-300, 750, 0, 38], [-300, 1500, 0, 38]]","[[300, 1, 1, 38], [300, 755, 1, 38], [300, 1505, 1, 38], [783, 3050, 1733, 0], [169, 2003, 484, 3], [324, 2466, 949, 0]]"
1765544416.0062668,"[[-300, 5, 0, 39], [-300, 750, 0, 39], [-300, 1500, 0, 39]]","[[300, 1, 1, 39], [300, 755, 1, 39], [300, 1505, 1, 39], [782, 3047, 1733, 0], [169, 2003, 484, 0], [324, 2466, 949, 1]]"
1765544416.0756817,"[[-300, 5, 0, 40], [-300, 750, 0, 40], [-300, 1500, 0, 40]]","[[300, 1, 1, 40], [300, 755, 1, 40], [300, 1505, 1, 40], [785, 3047, 1733, 0], [241, 2218, 484, 0], [324, 2466, 949, 2]]"
1765544416.1422775,"[[-300, 5, 0, 41], [-300, 750, 0, 41], [-300, 1500, 0, 41]]","[[300, 1, 1, 41], [300, 755, 1, 41], [300, 1505, 1, 41], [784, 3046, 1733, 0], [229, 2184, 484, 0], [324, 2466, 949, 3]]"
1765544416.203807,"[[-300, 5, 0, 42], [-300, 750, 0, 42], [-300, 1500, 0, 42]]","[[300, 1, 1, 42], [300, 755, 1, 42], [300, 1505, 1, 42], [781, 3046, 1733, 0], [230, 2186, 484, 0], [324, 2466, 949, 4]]"
1765544416.2647874,"[[-300, 5, 0, 43], [-300, 750, 0, 43], [-300, 1500, 0, 43]]","[[300, 1, 1, 43], [300, 755, 1, 43], [300, 1505, 1, 43], [781, 3046, 1733, 0], [241, 2218, 484, 0]]"
1765544416.3318706,"[[-300, 5, 0, 44], [-300, 750, 0, 44], [-300, 1500, 0, 44]]","[[300, 1, 1, 44], [300, 755, 1, 44], [300, 1505, 1, 44], [782, 3048, 1733, 0], [241, 2218, 484, 0]]"
1765544416.4058447,"[[-300, 5, 0, 45], [-300, 750, 0, 45], [-300, 1500, 0, 45]]","[[300, 1, 1, 45], [300, 755, 1, 45], [300, 1505, 1, 45], [781, 3046, 1733, 0], [240, 2217, 484, 0]]"
1765544416.4664402,"[[-300, 5, 0, 46], [-300, 750, 0, 46], [-300, 1500, 0, 46]]","[[300, 1, 1, 46], [300, 755, 1, 46], [300, 1505, 1, 46], [781, 3046, 1733, 0], [240, 2217, 484, 1]]"
1765544416.5344586,"[[-300, 5, 0, 47], [-300, 750, 0, 47], [-300, 1500, 0, 47]]","[[300, 1, 1, 47], [300, 755, 1, 47], [300, 1505, 1, 47], [781, 3046, 1733, 0], [241, 2218, 484, 0]]"
1765544416.5980465,"[[-300, 5, 0, 48], [-300, 750, 0, 48], [-300, 1500, 0, 48]]","[[300, 1, 1, 48], [300, 755, 1, 48], [300, 1505, 1, 48], [783, 3049, 1733, 0], [240, 2217, 484, 0]]"
1765544416.6600251,"[[-300, 5, 0, 49], [-300, 750, 0, 49], [-300, 1500, 0, 49]]","[[300, 1, 1, 49], [300, 755, 1, 49], [300, 1505, 1, 49], [782, 3048, 1733, 0], [302, 2400, 484, 0]]"
1765544416.7305307,"[[-300, 5, 0, 50], [-300, 750, 0, 50], [-300, 1500, 0, 50]]","[[300, 1, 1, 50], [300, 755, 1, 50], [300, 1505, 1, 50], [783, 3049, 1733, 0], [302, 2400, 484, 1]]"
1765544416.7969995,"[[-300, 5, 0, 51], [-300, 750, 0, 51], [-300, 1500, 0, 51]]","[[300, 1, 1, 51], [300, 755, 1, 51], [300, 1505, 1, 51], [783, 3050, 1733, 0], [281, 2338, 484, 0]]"
1765544416.859893,"[[-300, 5, 0, 52], [-300, 750, 0, 52], [-300, 1500, 0, 52]]","[[300, 1, 1, 52], [300, 755, 1, 52], [300, 1505, 1, 52], [782, 3047, 1733, 0], [240, 2217, 484, 0]]"
1765544416.9281185,"[[-300, 5, 0, 53], [-300, 750, 0, 53], [-300, 1500, 0, 53]]","[[300, 1, 1, 53], [300, 755, 1, 53], [300, 1505, 1, 53], [780, 3044, 1733, 0], [241, 2219, 484, 0]]"
1765544416.9953,"[[-300, 5, 0, 54], [-300, 750, 0, 54], [-300, 1500, 0, 54]]","[[300, 1, 1, 54], [300, 755, 1, 54], [300, 1505, 1, 54], [784, 3045, 1733, 0], [241, 2218, 484, 0]]"
1765544417.0572164,"[[-300, 5, 0, 55], [-300, 750, 0, 55], [-300, 1500, 0, 55]]","[[300, 1, 1, 55], [300, 755, 1, 55], [300, 1505, 1, 55], [781, 3045, 1733, 0], [241, 2219, 484, 0]]"
1765544417.126836,"[[-300, 5, 0, 56], [-300, 750, 0, 56], [-300, 1500, 0, 56]]","[[300, 1, 1, 56], [300, 755, 1, 56], [300, 1505, 1, 56], [781, 3046, 1733, 0], [240, 2217, 484, 0]]"
1765544417.1939738,"[[-300, 5, 0, 57], [-300, 750, 0, 57], [-300, 1500, 0, 57]]","[[300, 1, 1, 57], [300, 755, 1, 57], [300, 1505, 1, 57], [782, 3048, 1733, 0], [240, 2217, 484, 1]]"
1765544417.2558417,"[[-300, 5, 0, 58], [-300, 750, 0, 58], [-300, 1500, 0, 58]]","[[300, 1, 1, 58], [300, 755, 1, 58], [300, 1505, 1, 58], [746, 2970, 1733, 0], [280, 2335, 484, 0]]"
1765544417.3252764,"[[-300, 5, 0, 59], [-300, 750, 0, 59], [-300, 1500, 0, 59]]","[[300, 1, 1, 59], [300, 755, 1, 59], [300, 1505, 1, 59], [746, 2971, 1733, 0], [280, 2335, 484, 1]]"
1765544417.3919044,"[[-300, 5, 0, 60], [-300, 750, 0, 60], [-300, 1500, 0, 60]]","[[300, 1, 1, 60], [300, 755, 1, 60], [300, 1505, 1, 60], [782, 3048, 1733, 0], [280, 2335, 484, 2], [168, 2001, 483, 0]]"
1765544417.4552016,"[[-300, 5, 0, 61], [-300, 750, 0, 61], [-300, 1500, 0, 61]]","[[300, 1, 1, 61], [300, 755, 1, 61], [300, 1505, 1, 61], [783, 3050, 1733, 0], [280, 2335, 484, 3], [181, 2039, 483, 0]]"
1765544417.5250359,"[[-300, 5, 0, 62], [-300, 750, 0, 62], [-300, 1500, 0, 62]]","[[300, 1, 1, 62], [300, 755, 1, 62], [300, 1505, 1, 62], [785, 3047, 1733, 0], [301, 2398, 484, 0], [181, 2039, 483, 1]]"
1765544417.5919147,"[[-300, 5, 0, 63], [-300, 750, 0, 63], [-300, 1500, 0, 63]]","[[300, 1, 1, 63], [300, 755, 1, 63], [300, 1505, 1, 63], [756, 2991, 1733, 0], [301, 2398, 484, 1], [180, 2038, 483, 0]]"
1765544417.6543605,"[[-300, 5, 0, 64], [-300, 750, 0, 64], [-300, 1500, 0, 64]]","[[300, 1, 1, 64], [300, 755, 1, 64], [300, 1505, 1, 64], [782, 3048, 1733, 0], [301, 2398, 484, 2], [168, 2001, 483, 0]]"
1765544417.7164905,"[[-300, 5, 0, 65], [-300, 750, 0, 65], [-300, 1500, 0, 65]]","[[300, 1, 1, 65], [300, 755, 1, 65], [300, 1505, 1, 65], [782, 3047, 1733, 0], [241, 2220, 484, 0], [168, 2001, 483, 1]]"
1765544417.784895,"[[-300, 5, 0, 66], [-300, 750, 0, 66], [-300, 1500, 0, 66]]","[[300, 1, 1, 66], [300, 755, 1, 66], [300, 1505, 1, 66], [782, 3047, 1733, 0], [282, 2339, 484, 0], [168, 2001, 483, 2]]"
1765544417.8556476,"[[-300, 5, 0, 67], [-300, 750, 0, 67], [-300, 1500, 0, 67]]","[[300, 1, 1, 67], [300, 755, 1, 67], [300, 1505, 1, 67], [756, 2990, 1733, 0], [301, 2396, 484, 0], [168, 2001, 483, 3]]"
1765544417.9243088,"[[-300, 5, 0, 68], [-300, 750, 0, 68], [-300, 1500, 0, 68]]","[[300, 1, 1, 68], [300, 755, 1, 68], [300, 1505, 1, 68], [781, 3046, 1733, 0], [301, 2396, 484, 1], [153, 1956, 483, 0]]"
1765544417.9874585,"[[-300, 5, 0, 69], [-300, 750, 0, 69], [-300, 1500, 0, 69]]","[[300, 1, 1, 69], [300, 755, 1, 69], [300, 1505, 1, 69], [747, 2972, 1733, 0], [301, 2397, 484, 0], [153, 1956, 483, 1]]"
1765544418.0487587,"[[-300, 5, 0, 70], [-300, 750, 0, 70], [-300, 1500, 0, 70]]","[[300, 1, 1, 70], [300, 755, 1, 70], [300, 1505, 1, 70], [782, 3047, 1733, 0], [301, 2397, 484, 1], [169, 2003, 483, 0]]"
1765544418.1171477,"[[-300, 5, 0, 71], [-300, 750, 0, 71], [-300, 1500, 0, 71]]","[[300, 1, 1, 71], [300, 755, 1, 71], [300, 1505, 1, 71], [723, 2997, 1733, 0], [281, 2338, 484, 0], [169, 2003, 483, 1]]"
1765544418.1854823,"[[-300, 5, 0, 72], [-300, 750, 0, 72], [-300, 1500, 0, 72]]","[[300, 1, 1, 72], [300, 755, 1, 72], [300, 1505, 1, 72], [780, 3044, 1733, 0], [241, 2218, 484, 0], [169, 2003, 483, 2]]"
1765544418.2473054,"[[-300, 5, 0, 73], [-300, 750, 0, 73], [-300, 1500, 0, 73]]","[[300, 1, 1, 73], [300, 755, 1, 73], [300, 1505, 1, 73], [766, 3009, 1733, 0], [301, 2397, 484, 0], [169, 2003, 483, 3]]"
1765544418.3168607,"[[-300, 5, 0, 74], [-300, 750, 0, 74], [-300, 1500, 0, 74], [-329, 3361, 1888, 0]]","[[300, 1, 1, 74], [300, 755, 1, 74], [300, 1505, 1, 74], [775, 3027, 1733, 0], [301, 2396, 484, 0], [169, 2003, 483, 4]]"
1765544418.3803093,"[[-300, 5, 0, 75], [-300, 750, 0, 75], [-300, 1500, 0, 75], [-329, 3361, 1888, 1]]","[[300, 1, 1, 75], [300, 755, 1, 75], [300, 1505, 1, 75], [757, 2992, 1733, 0], [301, 2398, 484, 0]]"
1765544418.4424603,"[[-300, 5, 0, 76], [-300, 750, 0, 76], [-300, 1500, 0, 76], [-329, 3361, 1888, 2]]","[[300, 1, 1, 76], [300, 755, 1, 76], [300, 1505, 1, 76], [781, 3045, 1733, 0], [241, 2219, 484, 0]]"
1765544418.5121763,"[[-300, 5, 0, 77], [-300, 750, 0, 77], [-300, 1500, 0, 77], [-329, 3361, 1888, 3]]","[[300, 1, 1, 77], [300, 755, 1, 77], [300, 1505, 1, 77], [781, 3045, 1733, 1], [241, 2219, 484, 1]]"
1765544418.5775902,"[[-300, 5, 0, 78], [-300, 750, 0, 78], [-300, 1500, 0, 78], [-329, 3360, 1888, 0]]","[[300, 1, 1, 78], [300, 755, 1, 78], [300, 1505, 1, 78], [781, 3045, 1733, 2], [241, 2219, 484, 2], [361, 2575, 1221, 0]]"
1765544418.6395192,"[[-300, 5, 0, 79], [-300, 750, 0, 79], [-300, 1500, 0, 79], [-329, 3360, 1888, 1]]","[[300, 1, 1, 79], [300, 755, 1, 79], [300, 1505, 1, 79], [781, 3046, 1733, 0], [264, 2287, 484, 0], [361, 2575, 1221, 1]]"
1765544418.7103004,"[[-300, 5, 0, 80], [-300, 750, 0, 80], [-300, 1500, 0, 80], [-329, 3360, 1888, 2]]","[[300, 1, 1, 80], [300, 755, 1, 80], [300, 1505, 1, 80], [781, 3046, 1733, 0], [211, 2129, 484, 0], [361, 2575, 1221, 2]]"
1765544418.7774937,"[[-300, 5, 0, 81], [-300, 750, 0, 81], [-300, 1500, 0, 81], [-329, 3360, 1888, 3]]","[[300, 1, 1, 81], [300, 755, 1, 81], [300, 1505, 1, 81], [781, 3045, 1733, 0], [241, 2219, 484, 0], [361, 2575, 1221, 3]]"
1765544418.8393388,"[[-300, 5, 0, 82], [-300, 750, 0, 82], [-300, 1500, 0, 82], [-329, 3360, 1888, 4]]","[[300, 1, 1, 82], [300, 755, 1, 82], [300, 1505, 1, 82], [782, 3048, 1733, 0], [181, 2039, 484, 0], [361, 2575, 1221, 4]]"
1765544418.908298,"[[-300, 5, 0, 83], [-300, 750, 0, 83], [-300, 1500, 0, 83]]","[[300, 1, 1, 83], [300, 755, 1, 83], [300, 1505, 1, 83], [781, 3046, 1733, 0], [181, 2039, 484, 1], [302, 2399, 1221, 0]]"
1765544418.9751217,"[[-300, 5, 0, 84], [-300, 750, 0, 84], [-300, 1500, 0, 84]]","[[300, 1, 1, 84], [300, 755, 1, 84], [300, 1505, 1, 84], [781, 3046, 1733, 0], [181, 2040, 484, 0], [302, 2399, 1221, 1]]"
1765544419.0368612,"[[-300, 5, 0, 85], [-300, 750, 0, 85], [-300, 1500, 0, 85]]","[[300, 1, 1, 85], [300, 755, 1, 85], [300, 1505, 1, 85], [755, 2988, 1733, 0], [241, 2218, 484, 0], [302, 2399, 1221, 2]]"
1765544419.0997465,"[[-300, 5, 0, 86], [-300, 750, 0, 86], [-300, 1500, 0, 86]]","[[300, 1, 1, 86], [300, 755, 1, 86], [300, 1505, 1, 86], [781, 3046, 1733, 0], [241, 2218, 484, 0], [302, 2399, 1221, 3]]"
1765544419.1684241,"[[-300, 5, 0, 87], [-300, 750, 0, 87], [-300, 1500, 0, 87]]","[[300, 1, 1, 87], [300, 755, 1, 87], [300, 1505, 1, 87], [784, 3046, 1733, 0], [210, 2127, 484, 0], [302, 2399, 1221, 4]]"
1765544419.2349336,"[[-300, 5, 0, 88], [-300, 750, 0, 88], [-300, 1500, 0, 88]]","[[300, 1, 1, 88], [300, 755, 1, 88], [300, 1505, 1, 88], [782, 3047, 1733, 0], [210, 2127, 484, 1], [280, 2336, 1221, 0]]"
1765544419.2966113,"[[-300, 5, 0, 89], [-300, 750, 0, 89], [-300, 1500, 0, 89]]","[[300, 1, 1, 89], [300, 755, 1, 89], [300, 1505, 1, 89], [782, 3047, 1733, 1], [210, 2127, 484, 2], [361, 2576, 1221, 0]]"
1765544419.3581276,"[[-300, 5, 0, 90], [-300, 750, 0, 90], [-300, 1500, 0, 90]]","[[300, 1, 1, 90], [300, 755, 1, 90], [300, 1505, 1, 90], [781, 3045, 1733, 0], [181, 2039, 484, 0], [361, 2576, 1221, 1]]"
1765544419.4280405,"[[-300, 5, 0, 91], [-300, 750, 0, 91], [-300, 1500, 0, 91]]","[[300, 1, 1, 91], [300, 755, 1, 91], [300, 1505, 1, 91], [781, 3046, 1733, 0], [140, 1916, 484, 0], [361, 2576, 1221, 2]]"
1765544419.4933333,"[[-300, 5, 0, 92], [-300, 750, 0, 92], [-300, 1500, 0, 92]]","[[300, 1, 1, 92], [300, 755, 1, 92], [300, 1505, 1, 92], [782, 3047, 1733, 0], [153, 1956, 484, 0], [361, 2576, 1221, 3]]"
1765544419.5551994,"[[-300, 5, 0, 93], [-300, 750, 0, 93], [-300, 1500, 0, 93]]","[[300, 1, 1, 93], [300, 755, 1, 93], [300, 1505, 1, 93], [782, 3047, 1733, 0], [169, 2003, 484, 0], [361, 2576, 1221, 4]]"
1765544419.6252983,"[[-300, 5, 0, 94], [-300, 750, 0, 94], [-300, 1500, 0, 94]]","[[300, 1, 1, 94], [300, 755, 1, 94], [300, 1505, 1, 94], [782, 3047, 1733, 1], [169, 2003, 484, 1], [361, 2577, 1221, 0]]"
1765544419.692308,"[[-300, 5, 0, 95], [-300, 750, 0, 95], [-300, 1500, 0, 95]]","[[300, 1, 1, 95], [300, 755, 1, 95], [300, 1505, 1, 95], [785, 3047, 1733, 0], [241, 2218, 484, 0], [361, 2577, 1221, 1]]"
1765544419.7537324,"[[-300, 5, 0, 96], [-300, 750, 0, 96], [-300, 1500, 0, 96]]","[[300, 1, 1, 96], [300, 755, 1, 96], [300, 1505, 1, 96], [782, 3047, 1733, 0], [241, 2218, 484, 1], [361, 2577, 1221, 2]]"
1765544419.8141265,"[[-300, 5, 0, 97], [-300, 750, 0, 97], [-300, 1500, 0, 97]]","[[300, 1, 1, 97], [300, 755, 1, 97], [300, 1505, 1, 97], [781, 3046, 1733, 0], [282, 2339, 484, 0], [361, 2577, 1221, 3]]"
1765544419.8765647,"[[-300, 5, 0, 98], [-300, 750, 0, 98], [-300, 1500, 0, 98]]","[[300, 1, 1, 98], [300, 755, 1, 98], [300, 1505, 1, 98], [781, 3046, 1733, 0], [282, 2339, 484, 1], [361, 2577, 1221, 4]]"
1765544419.9381628,"[[-300, 5, 0, 99], [-300, 750, 0, 99], [-300, 1500, 0, 99]]","[[300, 1, 1, 99], [300, 755, 1, 99], [300, 1505, 1, 99], [782, 3047, 1733, 0], [241, 2218, 484, 0]]"
1765544420.0084236,"[[-300, 5, 0, 100], [-300, 750, 0, 100], [-300, 1500, 0, 100]]","[[300, 1, 1, 100], [300, 755, 1, 100], [300, 1505, 1, 100], [781, 3045, 1733, 0], [241, 2218, 484, 1], [153, 1957, 529, 0]]"
1765544420.0743756,"[[-300, 5, 0, 101], [-300, 750, 0, 101], [-300, 1500, 0, 101]]","[[300, 1, 1, 101], [300, 755, 1, 101], [300, 1505, 1, 101], [782, 3047, 1733, 0], [225, 2171, 484, 0], [153, 1957, 529, 1]]"
1765544420.1368134,"[[-300, 5, 0, 102], [-300, 750, 0, 102], [-300, 1500, 0, 102]]","[[300, 1, 1, 102], [300, 755, 1, 102], [300, 1505, 1, 102], [782, 3048, 1733, 0], [240, 2217, 484, 0], [153, 1957, 529, 2]]"
1765544420.2065523,"[[-300, 5, 0, 103], [-300, 750, 0, 103], [-300, 1500, 0, 103]]","[[300, 1, 1, 103], [300, 755, 1, 103], [300, 1505, 1, 103], [781, 3045, 1733, 0], [241, 2219, 484, 0], [153, 1957, 529, 3]]"
1765544420.2790763,"[[-300, 5, 0, 104], [-300, 750, 0, 104], [-300, 1500, 0, 104]]","[[300, 1, 1, 104], [300, 755, 1, 104], [300, 1505, 1, 104], [782, 3048, 1733, 0], [281, 2338, 484, 0], [153, 1957, 529, 4]]"
1765544420.346838,"[[-300, 5, 0, 105], [-300, 750, 0, 105], [-300, 1500, 0, 105]]","[[300, 1, 1, 105], [300, 755, 1, 105], [300, 1505, 1, 105], [786, 3048, 1733, 0], [300, 2393, 484, 0]]"
1765544420.4223907,"[[-300, 5, 0, 106], [-300, 750, 0, 106], [-300, 1500, 0, 106]]","[[300, 1, 1, 106], [300, 755, 1, 106], [300, 1505, 1, 106], [786, 3048, 1733, 1], [361, 2577, 484, 0]]"
1765544420.4946578,"[[-300, 5, 0, 107], [-300, 750, 0, 107], [-300, 1500, 0, 107]]","[[300, 1, 1, 107], [300, 755, 1, 107], [300, 1505, 1, 107], [745, 2969, 1733, 0], [361, 2577, 484, 1]]"
1765544420.5639777,"[[-300, 5, 0, 108], [-300, 750, 0, 108], [-300, 1500, 0, 108]]","[[300, 1, 1, 108], [300, 755, 1, 108], [300, 1505, 1, 108], [745, 2969, 1733, 1], [350, 2544, 484, 0]]"
1765544420.638408,"[[-300, 5, 0, 109], [-300, 750, 0, 109], [-300, 1500, 0, 109]]","[[300, 1, 1, 109], [300, 755, 1, 109], [300, 1505, 1, 109], [784, 3045, 1733, 0], [301, 2396, 484, 0]]"
1765544420.7093081,"[[-300, 5, 0, 110], [-300, 750, 0, 110], [-300, 1500, 0, 110]]","[[300, 1, 1, 110], [300, 755, 1, 110], [300, 1505, 1, 110], [766, 3010, 1733, 0], [241, 2218, 484, 0]]"
1765544420.7749805,"[[-300, 5, 0, 111], [-300, 750, 0, 111], [-300, 1500, 0, 111]]","[[300, 1, 1, 111], [300, 755, 1, 111], [300, 1505, 1, 111], [781, 3046, 1733, 0], [225, 2170, 484, 0]]"
1765544420.850412,"[[-300, 5, 0, 112], [-300, 750, 0, 112], [-300, 1500, 0, 112]]","[[300, 1, 1, 112], [300, 755, 1, 112], [300, 1505, 1, 112], [785, 3047, 1733, 0], [302, 2399, 484, 0]]"
1765544420.921168,"[[-300, 5, 0, 113], [-300, 750, 0, 113], [-300, 1500, 0, 113]]","[[300, 1, 1, 113], [300, 755, 1, 113], [300, 1505, 1, 113], [781, 3045, 1733, 0], [263, 2285, 484, 0]]"
1765544420.9873633,"[[-300, 5, 0, 114], [-300, 750, 0, 114], [-300, 1500, 0, 114]]","[[300, 1, 1, 114], [300, 755, 1, 114], [300, 1505, 1, 114], [781, 3045, 1733, 1], [263, 2285, 484, 1]]"
1765544421.0600605,"[[-300, 5, 0, 115], [-300, 750, 0, 115], [-300, 1500, 0, 115]]","[[300, 1, 1, 115], [300, 755, 1, 115], [300, 1505, 1, 115], [781, 3045, 1733, 2], [263, 2285, 484, 2], [352, 2548, 1105, 0]]"
1765544421.130038,"[[-300, 5, 0, 116], [-300, 750, 0, 116], [-300, 1500, 0, 116]]","[[300, 1, 1, 116], [300, 755, 1, 116], [300, 1505, 1, 116], [784, 3046, 1733, 0], [263, 2285, 484, 3], [352, 2548, 1105, 1]]"
1765544421.1968176,"[[-300, 5, 0, 117], [-300, 750, 0, 117], [-300, 1500, 0, 117]]","[[300, 1, 1, 117], [300, 755, 1, 117], [300, 1505, 1, 117], [757, 2992, 1733, 0], [281, 2338, 484, 0], [352, 2548, 1105, 2]]"
1765544421.2736382,"[[-300, 5, 0, 118], [-300, 750, 0, 118], [-300, 1500, 0, 118]]","[[300, 1, 1, 118], [300, 755, 1, 118], [300, 1505, 1, 118], [785, 3047, 1733, 0], [281, 2338, 484, 1], [352, 2548, 1105, 3]]"
1765544421.3487284,"[[-300, 5, 0, 119], [-300, 750, 0, 119], [-300, 1500, 0, 119]]","[[300, 1, 1, 119], [300, 755, 1, 119], [300, 1505, 1, 119], [782, 3047, 1733, 0], [211, 2129, 484, 0], [352, 2548, 1105, 4]]"
1765544421.41592,"[[-300, 5, 0, 120], [-300, 750, 0, 120], [-300, 1500, 0, 120]]","[[300, 1, 1, 120], [300, 755, 1, 120], [300, 1505, 1, 120], [781, 3046, 1733, 0], [211, 2129, 484, 1]]"
1765544421.491917,"[[-300, 5, 0, 121], [-300, 750, 0, 121], [-300, 1500, 0, 121]]","[[300, 1, 1, 121], [300, 755, 1, 121], [300, 1505, 1, 121], [781, 3046, 1733, 1], [211, 2129, 484, 2]]"
1765544421.5663657,"[[-300, 5, 0, 122], [-300, 750, 0, 122], [-300, 1500, 0, 122]]","[[300, 1, 1, 122], [300, 755, 1, 122], [300, 1505, 1, 122], [782, 3048, 1733, 0], [241, 2219, 484, 0]]"
1765544421.6345932,"[[-300, 5, 0, 123], [-300, 750, 0, 123], [-300, 1500, 0, 123]]","[[300, 1, 1, 123], [300, 755, 1, 123], [300, 1505, 1, 123], [784, 3046, 1733, 0], [168, 2001, 484, 0]]"
1765544421.7096856,"[[-300, 5, 0, 124], [-300, 750, 0, 124], [-300, 1500, 0, 124]]","[[300, 1, 1, 124], [300, 755, 1, 124], [300, 1505, 1, 124], [782, 3047, 1733, 0], [168, 2001, 484, 1]]"
1765544421.7832918,"[[-300, 5, 0, 125], [-300, 750, 0, 125], [-300, 1500, 0, 125]]","[[300, 1, 1, 125], [300, 755, 1, 125], [300, 1505, 1, 125], [782, 3047, 1733, 1], [168, 2001, 484, 2]]"
1765544421.8502102,"[[-300, 5, 0, 126], [-300, 750, 0, 126], [-300, 1500, 0, 126]]","[[300, 1, 1, 126], [300, 755, 1, 126], [300, 1505, 1, 126], [785, 3047, 1733, 0], [168, 2001, 484, 3]]"
1765544421.9173622,"[[-300, 5, 0, 127], [-300, 750, 0, 127], [-300, 1500, 0, 127]]","[[300, 1, 1, 127], [300, 755, 1, 127], [300, 1505, 1, 127], [782, 3047, 1733, 0], [169, 2003, 484, 0]]"
1765544421.992217,"[[-300, 5, 0, 128], [-300, 750, 0, 128], [-300, 1500, 0, 128]]","[[300, 1, 1, 128], [300, 755, 1, 128], [300, 1505, 1, 128], [782, 3048, 1733, 0], [169, 2003, 484, 1], [302, 2399, 1105, 0]]"
1765544422.0601897,"[[-300, 5, 0, 129], [-300, 750, 0, 129], [-300, 1500, 0, 129]]","[[300, 1, 1, 129], [300, 755, 1, 129], [300, 1505, 1, 129], [783, 3049, 1733, 0], [225, 2171, 484, 0], [302, 2399, 1105, 1]]"
1765544422.1267927,"[[-300, 5, 0, 130], [-300, 750, 0, 130], [-300, 1500, 0, 130]]","[[300, 1, 1, 130], [300, 755, 1, 130], [300, 1505, 1, 130], [781, 3046, 1733, 0], [229, 2184, 484, 0], [302, 2399, 1105, 2]]"
1765544422.2002997,"[[-300, 5, 0, 131], [-300, 750, 0, 131], [-300, 1500, 0, 131]]","[[300, 1, 1, 131], [300, 755, 1, 131], [300, 1505, 1, 131], [785, 3048, 1733, 0], [229, 2184, 484, 1], [282, 2339, 1105, 0]]"
1765544422.271561,"[[-300, 5, 0, 132], [-300, 750, 0, 132], [-300, 1500, 0, 132]]","[[300, 1, 1, 132], [300, 755, 1, 132], [300, 1505, 1, 132], [776, 3029, 1733, 0], [230, 2186, 484, 0], [282, 2339, 1105, 1]]"
1765544422.3380797,"[[-300, 5, 0, 133], [-300, 750, 0, 133], [-300, 1500, 0, 133]]","[[300, 1, 1, 133], [300, 755, 1, 133], [300, 1505, 1, 133], [781, 3046, 1733, 0], [241, 2218, 484, 0], [282, 2339, 1105, 2]]"
1765544422.4141903,"[[-300, 5, 0, 134], [-300, 750, 0, 134], [-300, 1500, 0, 134]]","[[300, 1, 1, 134], [300, 755, 1, 134], [300, 1505, 1, 134], [781, 3046, 1733, 0], [169, 2004, 484, 0], [282, 2339, 1105, 3]]"
1765544422.4824302,"[[-300, 5, 0, 135], [-300, 750, 0, 135], [-300, 1500, 0, 135]]","[[300, 1, 1, 135], [300, 755, 1, 135], [300, 1505, 1, 135], [736, 3025, 1733, 0], [168, 2002, 484, 0], [282, 2339, 1105, 4]]"
1765544422.55246,"[[-300, 5, 0, 136], [-300, 750, 0, 136], [-300, 1500, 0, 136]]","[[300, 1, 1, 136], [300, 755, 1, 136], [300, 1505, 1, 136], [782, 3047, 1733, 0], [181, 2039, 484, 0]]"
1765544422.6290984,"[[-300, 5, 0, 137], [-300, 750, 0, 137], [-300, 1500, 0, 137]]","[[300, 1, 1, 137], [300, 755, 1, 137], [300, 1505, 1, 137], [784, 3046, 1733, 0], [168, 2002, 484, 0]]"
1765544422.6980832,"[[-300, 5, 0, 138], [-300, 750, 0, 138], [-300, 1500, 0, 138]]","[[300, 1, 1, 138], [300, 755, 1, 138], [300, 1505, 1, 138], [784, 3046, 1733, 0], [241, 2219, 484, 0]]"
1765544422.7594144,"[[-300, 5, 0, 139], [-300, 750, 0, 139], [-300, 1500, 0, 139]]","[[300, 1, 1, 139], [300, 755, 1, 139], [300, 1505, 1, 139], [781, 3046, 1733, 0], [301, 2398, 484, 0]]"
1765544422.8288796,"[[-300, 5, 0, 140], [-300, 750, 0, 140], [-300, 1500, 0, 140]]","[[300, 1, 1, 140], [300, 755, 1, 140], [300, 1505, 1, 140], [785, 3047, 1733, 0], [263, 2285, 484, 0]]"
1765544422.8971138,"[[-300, 5, 0, 141], [-300, 750, 0, 141], [-300, 1500, 0, 141]]","[[300, 1, 1, 141], [300, 755, 1, 141], [300, 1505, 1, 141], [785, 3047, 1733, 0], [241, 2218, 484, 0]]"
1765544422.9591348,"[[-301, 5, 0, 142], [-300, 750, 0, 142], [-299, 1500, 0, 142]]","[[298, 0, 1, 142], [299, 754, 1, 142], [300, 1504, 1, 142], [783, 3049, 1733, 0], [211, 2130, 484, 0]]"
1765544423.029404,"[[-300, 744, 0, 143], [-299, 1494, 0, 143]]","[[299, 748, 1, 143], [300, 1498, 1, 143], [785, 3047, 1733, 0], [211, 2124, 484, 1]]"
1765544423.0935004,"[[-300, 738, 0, 144], [-299, 1488, 0, 144], [-328, 3358, 1887, 0]]","[[299, 742, 1, 144], [300, 1492, 1, 144], [782, 3048, 1733, 0], [230, 2186, 484, 0]]"
1765544423.1549144,"[[-300, 720, 0, 145], [-299, 1470, 0, 145], [-328, 3340, 1887, 1]]","[[299, 724, 1, 145], [300, 1474, 1, 145], [734, 2953, 1733, 0], [230, 2168, 484, 1]]"
1765544423.2250268,"[[-300, 696, 0, 146], [-299, 1446, 0, 146], [-328, 3316, 1887, 2]]","[[299, 700, 1, 146], [300, 1450, 1, 146], [734, 2929, 1733, 1], [230, 2144, 484, 2]]"
1765544423.2918384,"[[-300, 667, 0, 147], [-299, 1417, 0, 147], [-328, 3287, 1887, 3]]","[[299, 671, 1, 147], [300, 1421, 1, 147], [734, 2900, 1733, 2], [230, 2115, 484, 3], [1119, 3817, 2591, 0], [535, 2554, 1318, 0]]"
1765544423.3534281,"[[-300, 638, 0, 148], [-299, 1388, 0, 148], [-328, 3258, 1887, 4]]","[[299, 642, 1, 148], [300, 1392, 1, 148], [734, 2871, 1733, 3], [230, 2086, 484, 4], [968, 3521, 2591, 0], [535, 2525, 1318, 1]]"
1765544423.423509,"[[-300, 586, 0, 149], [-299, 1336, 0, 149]]","[[299, 590, 1, 149], [300, 1340, 1, 149], [734, 2819, 1733, 4], [968, 3469, 2591, 1], [529, 2591, 1318, 0]]"
1765544423.490064,"[[-300, 568, 0, 150], [-299, 1318, 0, 150]]","[[299, 572, 1, 150], [300, 1322, 1, 150], [731, 2941, 1733, 0], [968, 3451, 2591, 2], [529, 2573, 1318, 1]]"
1765544423.5528886,"[[-300, 533, 0, 151], [-299, 1283, 0, 151]]","[[299, 537, 1, 151], [300, 1287, 1, 151], [714, 2908, 1733, 0], [968, 3416, 2591, 3], [529, 2538, 1318, 2], [795, 3908, 2561, 0]]"
1765544423.6250107,"[[-300, 475, 0, 152], [-299, 1225, 0, 152], [-330, 2261, 827, 0]]","[[299, 479, 1, 152], [300, 1229, 1, 152], [714, 2869, 1733, 0], [968, 3358, 2591, 4], [529, 2480, 1318, 3], [795, 3850, 2561, 1]]"
1765544423.6918707,"[[-300, 434, 0, 153], [-299, 1184, 0, 153], [-347, 2272, 827, 0]]","[[299, 438, 1, 153], [300, 1188, 1, 153], [714, 2832, 1733, 0], [968, 3317, 2591, 5], [529, 2439, 1318, 4], [795, 3809, 2561, 2]]"
1765544423.7550585,"[[-300, 393, 0, 154], [-299, 1143, 0, 154], [-358, 2268, 827, 0]]","[[298, 397, 1, 154], [299, 1147, 1, 154], [600, 2654, 1733, 0], [968, 3276, 2591, 6], [529, 2398, 1318, 5], [795, 3768, 2561, 3]]"
1765544423.818148,"[[-300, 375, 0, 155], [-299, 1125, 0, 155], [-382, 2230, 827, 0]]","[[298, 379, 1, 155], [299, 1129, 1, 155], [686, 2773, 1733, 0], [968, 3258, 2591, 7], [529, 2380, 1318, 6], [795, 3750, 2561, 4]]"
1765544423.8888586,"[[-300, 317, 0, 156], [-299, 1067, 0, 156], [-382, 2172, 827, 1]]","[[298, 321, 1, 156], [299, 1071, 1, 156], [666, 2736, 1733, 0], [968, 3200, 2591, 8], [529, 2322, 1318, 7]]"
1765544423.9531267,"[[-300, 293, 0, 157], [-299, 1043, 0, 157], [-382, 2148, 827, 2]]","[[298, 297, 1, 157], [299, 1047, 1, 157], [651, 2708, 1733, 0], [968, 3176, 2591, 9], [529, 2298, 1318, 8]]"
1765544424.0139186,"[[-300, 252, 0, 158], [-299, 1002, 0, 158], [-382, 2107, 827, 3]]","[[298, 256, 1, 158], [299, 1006, 1, 158], [632, 2674, 1733, 0], [968, 3135, 2591, 10], [529, 2257, 1318, 9], [1127, 4509, 3209, 0]]"
1765544424.0746675,"[[-300, 211, 0, 159], [-299, 961, 0, 159], [-382, 2066, 827, 4]]","[[298, 215, 1, 159], [299, 965, 1, 159], [618, 2648, 1733, 0], [968, 3094, 2591, 11], [529, 2216, 1318, 10], [1127, 4468, 3209, 1]]"
1765544424.1445222,"[[-300, 164, 0, 160], [-299, 914, 0, 160], [-382, 2019, 827, 5]]","[[298, 168, 1, 160], [299, 918, 1, 160], [603, 2620, 1733, 0], [968, 3047, 2591, 12], [529, 2169, 1318, 11], [1127, 4421, 3209, 2], [752, 3540, 1978, 0]]"
1765544424.2117715,"[[-300, 123, 0, 161], [-299, 873, 0, 161], [-382, 1978, 827, 6]]","[[298, 127, 1, 161], [299, 877, 1, 161], [589, 2594, 1733, 0], [968, 3006, 2591, 13], [529, 2128, 1318, 12], [1127, 4380, 3209, 3], [746, 3503, 1978, 0]]"
1765544424.2733612,"[[-300, 76, 0, 162], [-299, 826, 0, 162], [-382, 1931, 827, 7]]","[[298, 80, 1, 162], [299, 830, 1, 162], [575, 2567, 1733, 0], [968, 2959, 2591, 14], [529, 2081, 1318, 13], [1127, 4333, 3209, 4], [740, 3456, 1978, 0]]"
1765544424.3415337,"[[-300, 35, 0, 163], [-299, 785, 0, 163], [-382, 1890, 827, 8]]","[[298, 39, 1, 163], [299, 789, 1, 163], [563, 2546, 1733, 0], [968, 2918, 2591, 15], [529, 2040, 1318, 14], [716, 3442, 1978, 0]]"
1765544424.406885,"[[-299, 738, 0, 164], [-382, 1843, 827, 9]]","[[299, 742, 1, 164], [563, 2499, 1733, 1], [968, 2871, 2591, 16], [529, 1993, 1318, 15], [706, 3406, 1978, 0]]"
1765544424.4673417,"[[-299, 697, 0, 165], [-382, 1802, 827, 10]]","[[299, 701, 1, 165], [563, 2458, 1733, 2], [968, 2830, 2591, 17], [529, 1952, 1318, 16], [726, 3338, 1978, 0]]"
1765544424.5347652,"[[-299, 656, 0, 166], [-381, 1761, 827, 11]]","[[298, 660, 1, 166], [563, 2417, 1733, 3], [968, 2789, 2591, 18], [529, 1911, 1318, 17], [637, 3168, 1978, 0]]"
1765544424.5983455,"[[-299, 609, 0, 167], [-381, 1714, 827, 12]]","[[298, 613, 1, 167], [563, 2370, 1733, 4], [968, 2742, 2591, 19], [529, 1864, 1318, 18], [574, 2932, 1978, 0]]"
1765544424.6595757,"[[-299, 568, 0, 168], [-381, 1673, 827, 13]]","[[298, 572, 1, 168], [563, 2329, 1733, 5], [968, 2701, 2591, 20], [529, 1823, 1318, 19], [574, 2891, 1978, 1]]"
1765544424.7197828,"[[-299, 521, 0, 169], [-381, 1626, 827, 14]]","[[298, 525, 1, 169], [563, 2282, 1733, 6], [968, 2654, 2591, 21], [529, 1776, 1318, 20], [547, 2859, 1978, 0], [951, 3966, 2742, 0]]"
1765544424.7882442,"[[-299, 480, 0, 170], [-381, 1585, 827, 15]]","[[298, 484, 1, 170], [563, 2241, 1733, 7], [968, 2613, 2591, 22], [529, 1735, 1318, 21], [547, 2818, 1978, 1], [951, 3925, 2742, 1]]"
1765544424.8556569,"[[-299, 439, 0, 171], [-381, 1544, 827, 16]]","[[298, 443, 1, 171], [563, 2200, 1733, 8], [968, 2572, 2591, 23], [529, 1694, 1318, 22], [547, 2777, 1978, 2], [951, 3884, 2742, 2], [647, 3162, 1828, 0]]"
1765544424.9193244,"[[-299, 404, 0, 172], [-381, 1509, 827, 17], [-355, 2395, 948, 0]]","[[298, 408, 1, 172], [563, 2165, 1733, 9], [968, 2537, 2591, 24], [529, 1659, 1318, 23], [547, 2742, 1978, 3], [951, 3849, 2742, 3], [640, 3112, 1828, 0]]"
1765544424.9904835,"[[-299, 363, 0, 173], [-380, 1468, 827, 18], [-354, 2358, 948, 0]]","[[297, 367, 1, 173], [563, 2124, 1733, 10], [968, 2496, 2591, 25], [529, 1618, 1318, 24], [507, 2797, 1978, 0], [951, 3808, 2742, 4], [640, 3071, 1828, 1]]"
1765544425.0615895,"[[-299, 322, 0, 174], [-380, 1427, 827, 19], [-359, 2315, 948, 0]]","[[297, 326, 1, 174], [563, 2083, 1733, 11], [968, 2455, 2591, 26], [529, 1577, 1318, 25], [507, 2756, 1978, 1], [893, 3760, 2742, 0], [640, 3030, 1828, 2]]"
1765544425.1247623,"[[-299, 287, 0, 175], [-380, 1392, 827, 20], [-363, 2265, 948, 0]]","[[297, 291, 1, 175], [563, 2048, 1733, 12], [968, 2420, 2591, 27], [529, 1542, 1318, 26], [507, 2721, 1978, 2], [849, 3669, 2742, 0], [640, 2995, 1828, 3]]"
1765544425.1877213,"[[-299, 252, 0, 176], [-380, 1357, 827, 21], [-365, 2199, 948, 0]]","[[297, 256, 1, 176], [563, 2013, 1733, 13], [968, 2385, 2591, 28], [529, 1507, 1318, 27], [411, 2517, 1978, 0], [806, 3622, 2742, 0], [640, 2960, 1828, 4]]"
1765544425.2569876,"[[-299, 211, 0, 177], [-380, 1316, 827, 22], [-364, 2158, 948, 1]]","[[296, 215, 1, 177], [563, 1972, 1733, 14], [968, 2344, 2591, 29], [529, 1466, 1318, 28], [411, 2476, 1978, 1], [775, 3656, 2742, 0]]"
1765544425.323765,"[[-299, 170, 0, 178], [-380, 1275, 827, 23], [-364, 2117, 948, 2]]","[[296, 174, 1, 178], [563, 1931, 1733, 15], [968, 2303, 2591, 30], [529, 1425, 1318, 29], [390, 2558, 1978, 0], [750, 3699, 2742, 0]]"
1765544425.3844883,"[[-299, 135, 0, 179], [-380, 1240, 827, 24], [-364, 2082, 948, 3]]","[[296, 139, 1, 179], [563, 1896, 1733, 16], [968, 2268, 2591, 31], [529, 1390, 1318, 30], [390, 2523, 1978, 1], [750, 3664, 2742, 1]]"
1765544425.452079,"[[-299, 100, 0, 180], [-380, 1205, 827, 25], [-364, 2047, 948, 4]]","[[296, 104, 1, 180], [563, 1861, 1733, 17], [968, 2233, 2591, 32], [529, 1355, 1318, 31], [390, 2488, 1978, 2], [750, 3629, 2742, 2], [490, 2929, 1556, 0]]"
1765544425.517764,"[[-299, 65, 0, 181], [-380, 1170, 827, 26], [-364, 2012, 948, 5]]","[[296, 69, 1, 181], [563, 1826, 1733, 18], [968, 2198, 2591, 33], [529, 1320, 1318, 32], [390, 2453, 1978, 3], [750, 3594, 2742, 3], [478, 2894, 1556, 0]]"
1765544425.5793023,"[[-299, 30, 0, 182], [-380, 1135, 827, 27], [-364, 1977, 948, 6]]","[[296, 34, 1, 182], [563, 1791, 1733, 19], [968, 2163, 2591, 34], [529, 1285, 1318, 33], [390, 2418, 1978, 4], [750, 3559, 2742, 4], [459, 2853, 1556, 0]]"
1765544425.649587,"[[-380, 1100, 827, 28], [-363, 1942, 948, 7]]","[[563, 1756, 1733, 20], [968, 2128, 2591, 35], [528, 1250, 1318, 34], [459, 2818, 1556, 1]]"
1765544425.7150314,"[[-380, 1071, 827, 29], [-363, 1913, 948, 8]]","[[563, 1727, 1733, 21], [968, 2099, 2591, 36], [528, 1221, 1318, 35], [448, 2807, 1556, 0], [454, 5232, 3876, 0]]"
1765544425.7791998,"[[-380, 1036, 827, 30], [-363, 1878, 948, 9]]","[[563, 1692, 1733, 22], [968, 2064, 2591, 37], [528, 1186, 1318, 36], [454, 2818, 1556, 0], [454, 5197, 3876, 1]]"
1765544425.8494198,"[[-380, 1007, 827, 31], [-363, 1849, 948, 10], [-19, 1540, 155, 0]]","[[563, 1663, 1733, 23], [968, 2035, 2591, 38], [528, 1157, 1318, 37], [442, 2802, 1556, 0], [454, 5168, 3876, 2]]"
1765544425.917492,"[[-380, 983, 827, 32], [-362, 1825, 948, 11], [-18, 1516, 155, 1]]","[[563, 1639, 1733, 24], [968, 2011, 2591, 39], [527, 1133, 1318, 38], [423, 2774, 1556, 0], [454, 5144, 3876, 3], [633, 3651, 2162, 0]]"
1765544425.9806318,"[[-380, 954, 827, 33], [-362, 1796, 948, 12], [-18, 1487, 155, 2]]","[[563, 1610, 1733, 25], [968, 1982, 2591, 40], [527, 1104, 1318, 39], [407, 2759, 1556, 0], [454, 5115, 3876, 4], [622, 3694, 2162, 0]]"
1765544426.0522738,"[[-380, 930, 827, 34], [-361, 1772, 948, 13], [-18, 1463, 155, 3]]","[[563, 1586, 1733, 26], [968, 1958, 2591, 41], [526, 1080, 1318, 40], [404, 2796, 1556, 0], [247, 4855, 3876, 0], [622, 3670, 2162, 1]]"
1765544426.1223392,"[[-380, 901, 827, 35], [-361, 1743, 948, 14], [-18, 1434, 155, 4]]","[[563, 1557, 1733, 27], [968, 1929, 2591, 42], [526, 1051, 1318, 41], [417, 2868, 1556, 0], [199, 4703, 3876, 0], [622, 3641, 2162, 2]]"
1765544426.1875188,"[[-380, 877, 827, 36], [-361, 1719, 948, 15], [-18, 1410, 155, 5]]","[[563, 1533, 1733, 28], [968, 1905, 2591, 43], [526, 1027, 1318, 42], [396, 2854, 1556, 0], [147, 4600, 3876, 0], [622, 3617, 2162, 3]]"
1765544426.2527378,"[[-380, 853, 827, 37], [-360, 1695, 948, 16], [-18, 1386, 155, 6]]","[[563, 1509, 1733, 29], [968, 1881, 2591, 44], [525, 1003, 1318, 43], [365, 2838, 1556, 0], [88, 4505, 3876, 0], [622, 3593, 2162, 4]]"
1765544426.327525,"[[-380, 829, 827, 38], [-360, 1671, 948, 17], [-18, 1362, 155, 7]]","[[563, 1485, 1733, 30], [968, 1857, 2591, 45], [525, 979, 1318, 44], [336, 2852, 1556, 0], [19, 4483, 3876, 0]]"
1765544426.3987446,"[[-380, 800, 827, 39], [-360, 1642, 948, 18], [-18, 1333, 155, 8]]","[[563, 1456, 1733, 31], [968, 1828, 2591, 46], [525, 950, 1318, 45], [300, 2839, 1556, 0], [-48, 4464, 3876, 0]]"
1765544426.4624372,"[[-380, 776, 827, 40], [-359, 1618, 948, 19], [-18, 1309, 155, 9]]","[[562, 1432, 1733, 32], [968, 1804, 2591, 47], [524, 926, 1318, 46], [257, 2804, 1556, 0], [-47, 4440, 3876, 1]]"
1765544426.5345232,"[[-380, 752, 827, 41], [-359, 1594, 948, 20], [-18, 1285, 155, 10]]","[[562, 1408, 1733, 33], [968, 1780, 2591, 48], [524, 902, 1318, 47], [216, 2745, 1556, 0], [-204, 4473, 3876, 0]]"
1765544426.6014686,"[[-380, 711, 827, 42], [-358, 1553, 948, 21], [-18, 1244, 155, 11]]","[[561, 1367, 1733, 34], [968, 1739, 2591, 49], [523, 861, 1318, 48], [183, 2723, 1556, 0], [-273, 4475, 3876, 0]]"
1765544426.6666715,"[[-380, 699, 827, 43], [-358, 1541, 948, 22], [-18, 1232, 155, 12]]","[[561, 1355, 1733, 35], [968, 1727, 2591, 50], [523, 849, 1318, 49], [152, 2701, 1556, 0], [-348, 4484, 3876, 0]]"
1765544426.738699,"[[-380, 664, 827, 44], [-358, 1506, 948, 23], [-18, 1197, 155, 13]]","[[561, 1320, 1733, 36], [968, 1692, 2591, 51], [523, 814, 1318, 50], [123, 2691, 1556, 0], [-420, 4501, 3876, 0]]"
1765544426.8080237,"[[-380, 640, 827, 45], [-357, 1482, 948, 24], [-18, 1173, 155, 14]]","[[560, 1296, 1733, 37], [968, 1668, 2591, 52], [522, 790, 1318, 51], [96, 2657, 1556, 0], [-477, 4454, 3876, 0]]"
1765544426.8719585,"[[-380, 616, 827, 46], [-357, 1458, 948, 25], [-18, 1149, 155, 15]]","[[560, 1272, 1733, 38], [968, 1644, 2591, 53], [522, 766, 1318, 52], [74, 2658, 1556, 0], [-531, 4392, 3876, 0]]"
1765544426.9446046,"[[-380, 587, 827, 47], [-357, 1429, 948, 26], [-18, 1120, 155, 16]]","[[559, 1243, 1733, 39], [968, 1614, 2591, 54], [521, 737, 1318, 53], [49, 2621, 1556, 0], [-567, 4281, 3876, 0]]"
1765544427.0156121,"[[-380, 558, 827, 48], [-357, 1400, 948, 27], [-18, 1091, 155, 17]]","[[559, 1214, 1733, 40], [968, 1585, 2591, 55], [521, 708, 1318, 54], [23, 2594, 1556, 0], [-619, 4197, 3876, 0]]"
1765544427.0820763,"[[-380, 529, 827, 49], [-357, 1371, 948, 28], [-18, 1062, 155, 18]]","[[559, 1185, 1733, 41], [968, 1556, 2591, 56], [521, 679, 1318, 55], [-3, 2565, 1556, 0], [-619, 4168, 3876, 1]]"
1765544427.1542318,"[[-380, 505, 827, 50], [-357, 1347, 948, 29], [-18, 1038, 155, 19]]","[[558, 1161, 1733, 42], [968, 1532, 2591, 57], [520, 655, 1318, 56], [-32, 2544, 1556, 0], [-618, 4145, 3876, 2]]"
1765544427.22082,"[[-380, 476, 827, 51], [-357, 1318, 948, 30], [-18, 1009, 155, 20]]","[[558, 1132, 1733, 43], [968, 1503, 2591, 58], [520, 626, 1318, 57], [-59, 2507, 1556, 0], [-618, 4116, 3876, 3]]"
1765544427.2854617,"[[-380, 452, 827, 52], [-357, 1294, 948, 31], [-18, 985, 155, 21]]","[[558, 1108, 1733, 44], [968, 1479, 2591, 59], [520, 602, 1318, 58], [-100, 2439, 1556, 0], [-618, 4092, 3876, 4]]"
1765544427.3555624,"[[-380, 423, 827, 53], [-357, 1265, 948, 32], [-18, 956, 155, 22]]","[[557, 1079, 1733, 45], [967, 1449, 2591, 60], [519, 573, 1318, 59], [-125, 2395, 1556, 0]]"
1765544427.4263139,"[[-380, 394, 827, 54], [-357, 1236, 948, 33], [-18, 927, 155, 23]]","[[557, 1050, 1733, 46], [967, 1420, 2591, 61], [519, 544, 1318, 60], [-147, 2368, 1556, 0]]"
1765544427.4893715,"[[-380, 365, 827, 55], [-357, 1207, 948, 34], [-18, 898, 155, 24]]","[[556, 1021, 1733, 47], [966, 1390, 2591, 62], [518, 515, 1318, 61], [-169, 2343, 1556, 0]]"
1765544427.559544,"[[-380, 336, 827, 56], [-357, 1178, 948, 35], [-18, 869, 155, 25]]","[[556, 992, 1733, 48], [966, 1361, 2591, 63], [518, 486, 1318, 62], [-188, 2313, 1556, 0]]"
1765544427.6262896,"[[-380, 289, 827, 57], [-357, 1131, 948, 36], [-18, 822, 155, 26]]","[[556, 945, 1733, 49], [966, 1314, 2591, 64], [518, 439, 1318, 63], [-221, 2279, 1556, 0]]"
1765544427.6896794,"[[-380, 271, 827, 58], [-357, 1113, 948, 37], [-18, 804, 155, 27]]","[[556, 927, 1733, 50], [966, 1296, 2591, 65], [518, 421, 1318, 64], [-254, 2249, 1556, 0]]"
1765544427.7596412,"[[-380, 219, 827, 59], [-357, 1061, 948, 38], [-18, 752, 155, 28]]","[[556, 875, 1733, 51], [966, 1244, 2591, 66], [518, 369, 1318, 65], [-290, 2214, 1556, 0]]"
1765544427.8242745,"[[-380, 178, 827, 60], [-357, 1020, 948, 39], [-18, 711, 155, 29]]","[[556, 834, 1733, 52], [966, 1203, 2591, 67], [518, 328, 1318, 66], [-316, 2174, 1556, 0]]"
1765544427.8823035,"[[-380, 160, 827, 61], [-357, 1002, 948, 40], [-18, 693, 155, 30]]","[[556, 816, 1733, 53], [966, 1185, 2591, 68], [518, 310, 1318, 67], [-316, 2156, 1556, 1]]"
1765544427.9401355,"[[-380, 125, 827, 62], [-357, 967, 948, 41], [-18, 658, 155, 31]]","[[556, 781, 1733, 54], [966, 1150, 2591, 69], [518, 275, 1318, 68], [-316, 2121, 1556, 2]]"
1765544428.0069945,"[[-379, 84, 827, 63], [-356, 926, 948, 42], [-17, 617, 155, 32]]","[[556, 740, 1733, 55], [966, 1109, 2591, 70], [518, 234, 1318, 69], [-316, 2080, 1556, 3]]"
1765544428.070759,"[[-379, 55, 827, 64], [-356, 897, 948, 43], [-17, 588, 155, 33]]","[[556, 711, 1733, 56], [966, 1080, 2591, 71], [518, 205, 1318, 70], [-316, 2051, 1556, 4]]"
1765544428.1293335,"[[-379, 31, 827, 65], [-356, 873, 948, 44], [-17, 564, 155, 34]]","[[556, 687, 1733, 57], [966, 1056, 2591, 72], [518, 181, 1318, 71], [-316, 2027, 1556, 5]]"
1765544428.1962562,"[[-379, 19, 827, 66], [-356, 861, 948, 45], [-17, 552, 155, 35]]","[[556, 675, 1733, 58], [966, 1044, 2591, 73], [518, 169, 1318, 72], [-316, 2015, 1556, 6]]"
1765544428.2603445,"[[-379, 7, 827, 67], [-356, 849, 948, 46], [-17, 540, 155, 36]]","[[556, 663, 1733, 59], [966, 1032, 2591, 74], [518, 157, 1318, 73], [-316, 2003, 1556, 7]]"
1765544428.3188453,"[[-379, 1, 827, 68], [-356, 843, 948, 47], [-17, 534, 155, 37]]","[[556, 657, 1733, 60], [966, 1026, 2591, 75], [518, 151, 1318, 74], [-316, 1997, 1556, 8]]"
1765544428.3852355,"[[-379, -16, 827, 69], [-356, 825, 948, 48], [-17, 516, 155, 38]]","[[556, 639, 1733, 61], [966, 1008, 2591, 76], [518, 133, 1318, 75], [-316, 1979, 1556, 9]]"
1765544428.4505663,"[[-379, -27, 827, 70], [-356, 813, 948, 49], [-17, 504, 155, 39]]","[[556, 627, 1733, 62], [966, 996, 2591, 77], [518, 121, 1318, 76], [-316, 1967, 1556, 10]]"
1765544428.5155616,"[[-379, -38, 827, 71], [-356, 801, 948, 50], [-17, 492, 155, 40]]","[[556, 615, 1733, 63], [966, 984, 2591, 78], [518, 109, 1318, 77], [-316, 1955, 1556, 11]]"
1765544428.577248,"[[-379, -55, 827, 72], [-356, 783, 948, 51], [-17, 474, 155, 41]]","[[556, 597, 1733, 64], [966, 966, 2591, 79], [518, 91, 1318, 78], [-316, 1937, 1556, 12]]"
1765544428.6386414,"[[-379, -72, 827, 73], [-356, 765, 948, 52], [-17, 456, 155, 42]]","[[556, 579, 1733, 65], [966, 948, 2591, 80], [518, 73, 1318, 79], [-316, 1919, 1556, 13]]"
1765544428.695333,"[[-379, -89, 827, 74], [-356, 747, 948, 53], [-17, 438, 155, 43]]","[[556, 561, 1733, 66], [966, 930, 2591, 81], [518, 55, 1318, 80], [-316, 1901, 1556, 14]]"
1765544428.7647796,"[[-379, -106, 827, 75], [-356, 729, 948, 54], [-17, 420, 155, 44]]","[[556, 543, 1733, 67], [966, 912, 2591, 82], [518, 37, 1318, 81], [-316, 1883, 1556, 15]]"
1765544428.8316824,"[[-379, -117, 827, 76], [-356, 717, 948, 55], [-17, 408, 155, 45]]","[[556, 531, 1733, 68], [966, 900, 2591, 83], [518, 25, 1318, 82], [-316, 1871, 1556, 16]]"
1765544428.8897583,"[[-379, -128, 827, 77], [-356, 705, 948, 56], [-17, 396, 155, 46]]","[[556, 519, 1733, 69], [966, 888, 2591, 84], [518, 13, 1318, 83], [-316, 1859, 1556, 17]]"
1765544428.9567225,"[[-379, -145, 827, 78], [-356, 687, 948, 57], [-17, 378, 155, 47]]","[[556, 501, 1733, 70], [966, 870, 2591, 85], [518, -4, 1318, 84], [-316, 1841, 1556, 18]]"
1765544429.0183463,"[[-378, -162, 827, 79], [-355, 669, 948, 58], [-16, 360, 155, 48]]","[[556, 483, 1733, 71], [966, 852, 2591, 86], [518, -21, 1318, 85], [-316, 1823, 1556, 19]]"
1765544429.0750854,"[[-378, -173, 827, 80], [-355, 657, 948, 59], [-16, 348, 155, 49]]","[[556, 471, 1733, 72], [966, 840, 2591, 87], [518, -32, 1318, 86], [-316, 1811, 1556, 20]]"
1765544429.144804,"[[-378, -196, 827, 81], [-355, 633, 948, 60], [-16, 324, 155, 50]]","[[556, 447, 1733, 73], [966, 816, 2591, 88], [518, -55, 1318, 87], [-316, 1787, 1556, 21]]"
1765544429.2067566,"[[-378, -219, 827, 82], [-355, 609, 948, 61], [-16, 300, 155, 51]]","[[556, 423, 1733, 74], [966, 792, 2591, 89], [518, -78, 1318, 88], [-316, 1763, 1556, 22]]"
1765544429.2623713,"[[-378, -242, 827, 83], [-355, 585, 948, 62], [-16, 276, 155, 52]]","[[556, 399, 1733, 75], [966, 768, 2591, 90], [518, -101, 1318, 89], [-316, 1739, 1556, 23]]"
1765544429.3346808,"[[-378, -265, 827, 84], [-355, 561, 948, 63], [-16, 252, 155, 53]]","[[556, 375, 1733, 76], [966, 744, 2591, 91], [518, -124, 1318, 90], [-316, 1715, 1556, 24]]"
1765544429.4005237,"[[-378, -288, 827, 85], [-355, 537, 948, 64], [-16, 228, 155, 54]]","[[556, 351, 1733, 77], [966, 720, 2591, 92], [518, -147, 1318, 91], [-316, 1691, 1556, 25]]"
1765544429.4569466,"[[-377, -316, 827, 86], [-354, 508, 948, 65], [-15, 199, 155, 55]]","[[556, 322, 1733, 78], [966, 691, 2591, 93], [518, -175, 1318, 92], [-316, 1662, 1556, 26]]"
1765544429.5137272,"[[-377, -344, 827, 87], [-354, 479, 948, 66], [-15, 170, 155, 56]]","[[556, 293, 1733, 79], [966, 662, 2591, 94], [518, -203, 1318, 93], [-316, 1633, 1556, 27]]"
1765544429.5710835,"[[-377, -355, 827, 88], [-354, 467, 948, 67], [-15, 158, 155, 57]]","[[556, 281, 1733, 80], [966, 650, 2591, 95], [518, -214, 1318, 94], [-316, 1621, 1556, 28]]"
1765544429.6279433,"[[-376, -395, 827, 89], [-353, 426, 948, 68], [-14, 117, 155, 58]]","[[556, 240, 1733, 81], [966, 609, 2591, 96], [518, -254, 1318, 95], [-316, 1580, 1556, 29]]"
1765544429.6858723,"[[-375, -429, 827, 90], [-352, 391, 948, 69], [-13, 82, 155, 59]]","[[556, 205, 1733, 82], [966, 574, 2591, 97], [518, -288, 1318, 96], [-316, 1545, 1556, 30]]"
1765544429.745082,"[[-374, -469, 827, 91], [-351, 350, 948, 70], [-12, 41, 155, 60]]","[[556, 164, 1733, 83], [966, 533, 2591, 98], [518, -328, 1318, 97], [-316, 1504, 1556, 31]]"
1765544429.8057141,"[[-374, -480, 827, 92], [-351, 338, 948, 71], [-12, 29, 155, 61]]","[[556, 152, 1733, 84], [966, 521, 2591, 99], [518, -339, 1318, 98], [-316, 1492, 1556, 32]]"
1765544429.8661685,"[[-373, -514, 827, 93], [-350, 303, 948, 72]]","[[556, 117, 1733, 85], [966, 486, 2591, 100], [-315, 1457, 1556, 33]]"
1765544429.9222395,"[[-373, -548, 827, 94], [-350, 268, 948, 73]]","[[556, 82, 1733, 86], [966, 451, 2591, 101], [-315, 1422, 1556, 34]]"
1765544429.982546,"[[-372, -582, 827, 95], [-349, 233, 948, 74]]","[[556, 47, 1733, 87], [966, 416, 2591, 102], [-314, 1387, 1556, 35]]"
1765544430.0502198,"[[-372, -616, 827, 96], [-349, 198, 948, 75]]","[[556, 12, 1733, 88], [966, 381, 2591, 103], [-314, 1352, 1556, 36]]"
1765544430.1140993,"[[-348, 163, 948, 76]]","[[966, 346, 2591, 104], [-313, 1317, 1556, 37]]"
1765544430.178797,"[[-348, 128, 948, 77]]","[[966, 311, 2591, 105], [-313, 1282, 1556, 38], [-412, 2372, 921, 0]]"
1765544430.246915,"[[-347, 98, 948, 78]]","[[966, 282, 2591, 106], [-312, 1253, 1556, 39], [-470, 2539, 921, 0]]"
1765544430.3105657,"[[-347, 69, 948, 79]]","[[966, 253, 2591, 107], [-312, 1224, 1556, 40], [-454, 2592, 921, 0]]"
1765544430.369735,"[[-346, 51, 948, 80]]","[[966, 235, 2591, 108], [-311, 1206, 1556, 41], [-454, 2574, 921, 1]]"
1765544430.4380043,"[[-345, 10, 948, 81]]","[[966, 194, 2591, 109], [-310, 1165, 1556, 42], [-454, 2533, 921, 2]]"
1765544430.5025983,"[[-345, -1, 948, 82]]","[[965, 182, 2591, 110], [-310, 1153, 1556, 43], [-275, 2348, 921, 0]]"
1765544430.5649233,"[[-345, -35, 948, 83]]","[[965, 147, 2591, 111], [-310, 1118, 1556, 44], [-132, 2362, 921, 0]]"
1765544430.6385643,"[[-345, -92, 948, 84]]","[[964, 89, 2591, 112], [-310, 1060, 1556, 45], [-90, 2245, 921, 0]]"
1765544430.7020922,"[[-345, -126, 948, 85]]","[[964, 54, 2591, 113], [-310, 1025, 1556, 46], [-124, 2210, 921, 0]]"
1765544430.7631683,"[[-345, -143, 948, 86]]","[[964, 36, 2591, 114], [-310, 1007, 1556, 47], [-124, 2192, 921, 1]]"
1765544430.8281791,"[[-345, -177, 948, 87]]","[[964, 1, 2591, 115], [-310, 972, 1556, 48], [-124, 2157, 921, 2]]"
1765544430.8936334,[],"[[-310, 937, 1556, 49], [-124, 2122, 921, 3]]"
1765544430.9584563,[],"[[-310, 902, 1556, 50], [-124, 2087, 921, 4], [-102, 2927, 1483, 0]]"
1765544431.0315967,[],"[[-309, 873, 1556, 51], [-97, 2916, 1483, 0]]"
1765544431.0958579,[],"[[-309, 838, 1556, 52], [-96, 2881, 1483, 1]]"
1765544431.157539,[],"[[-309, 809, 1556, 53], [-114, 2838, 1483, 0]]"
1765544431.2174115,[],"[[-309, 774, 1556, 54], [-126, 2826, 1483, 0]]"
1765544431.2783952,[],"[[-309, 739, 1556, 55], [-129, 2788, 1483, 0]]"
1765544431.341084,[],"[[-309, 704, 1556, 56], [-129, 2774, 1483, 0]]"
1765544431.4206378,[],"[[-309, 675, 1556, 57], [-136, 2737, 1483, 0], [-143, 3540, 2191, 0]]"
1765544431.4861903,[],"[[-309, 657, 1556, 58], [-73, 2616, 1483, 0], [-143, 3522, 2191, 1]]"
1765544431.5480337,[],"[[-309, 645, 1556, 59], [-73, 2604, 1483, 1], [-143, 3510, 2191, 2]]"
1765544431.6190977,[],"[[-309, 633, 1556, 60], [-149, 2625, 1483, 0], [-163, 3813, 2191, 0]]"
1765544431.685932,[],"[[-309, 627, 1556, 61], [-156, 2604, 1483, 0], [-163, 3807, 2191, 1]]"
1765544431.7495513,[],"[[-309, 627, 1556, 62], [-155, 2598, 1483, 0], [-163, 3807, 2191, 2]]"
1765544431.818114,[],"[[-309, 621, 1556, 63], [-151, 2595, 1483, 0], [-163, 3801, 2191, 3]]"
1765544431.8902075,[],"[[-309, 621, 1556, 64], [-149, 2596, 1483, 0], [-147, 3589, 2191, 0]]"
1765544431.9529438,[],"[[-309, 615, 1556, 65], [-151, 2597, 1483, 0], [-183, 3573, 2191, 0]]"
1765544432.015877,[],"[[-309, 615, 1556, 66], [-152, 2603, 1483, 0], [-187, 3577, 2191, 0]]"
1765544432.0837424,[],"[[-309, 615, 1556, 67], [-151, 2605, 1483, 0], [-187, 3577, 2191, 1]]"
1765544432.1532276,[],"[[-309, 615, 1556, 68], [-149, 2605, 1483, 0], [-180, 3581, 2191, 0]]"
1765544432.2230608,[],"[[-309, 615, 1556, 69], [-147, 2606, 1483, 0], [-177, 3584, 2191, 0]]"
1765544432.286621,[],"[[-309, 615, 1556, 70], [-149, 2605, 1483, 0], [-177, 3584, 2191, 1]]"
1765544432.347957,[],"[[-309, 615, 1556, 71], [-149, 2605, 1483, 0], [-177, 3583, 2191, 0]]"
1765544432.4173052,[],"[[-309, 615, 1556, 72], [-147, 2606, 1483, 0], [-177, 3583, 2191, 1]]"
1765544432.4869094,[],"[[-309, 615, 1556, 73], [-147, 2606, 1483, 0], [-177, 3583, 2191, 0]]"
1765544432.5536447,[],"[[-309, 615, 1556, 74], [-147, 2606, 1483, 0], [-181, 3583, 2191, 0]]"
1765544432.618703,[],"[[-309, 615, 1556, 75], [-149, 2605, 1483, 0], [-181, 3583, 2191, 1]]"
1765544432.6951923,[],"[[-309, 615, 1556, 76], [-147, 2607, 1483, 0], [-181, 3584, 2191, 0]]"
1765544432.7664003,[],"[[-309, 615, 1556, 77], [-149, 2605, 1483, 0], [-181, 3583, 2191, 0]]"
1765544432.833883,[],"[[-309, 615, 1556, 78], [-147, 2606, 1483, 0], [-181, 3582, 2191, 0]]"
1765544432.9048126,[],"[[-309, 615, 1556, 79], [-149, 2605, 1483, 0], [-181, 3582, 2191, 1]]"
1765544432.972909,[],"[[-309, 615, 1556, 80], [-149, 2605, 1483, 0], [-181, 3582, 2191, 2]]"
1765544433.03251,[],"[[-309, 615, 1556, 81], [-147, 2606, 1483, 0], [-181, 3584, 2191, 0]]"
1765544433.1029494,[],"[[-309, 615, 1556, 82], [-147, 2606, 1483, 0], [-181, 3584, 2191, 0]]"
1765544433.1731734,[],"[[-309, 615, 1556, 83], [-149, 2605, 1483, 0], [-181, 3584, 2191, 1]]"
1765544433.2358878,[],"[[-309, 615, 1556, 84], [-147, 2606, 1483, 0], [-181, 3584, 2191, 2]]"
1765544433.303647,[],"[[-309, 615, 1556, 85], [-147, 2606, 1483, 0], [-181, 3584, 2191, 3]]"
1765544433.3722656,[],"[[-309, 615, 1556, 86], [-147, 2607, 1483, 0], [-181, 3584, 2191, 4]]"
1765544433.4385006,[],"[[-309, 615, 1556, 87], [-147, 2606, 1483, 0]]"
1765544433.5071375,[],"[[-309, 615, 1556, 88], [-147, 2606, 1483, 0]]"
1765544433.5772023,[],"[[-309, 615, 1556, 89], [-147, 2607, 1483, 0]]"
1765544433.639885,[],"[[-309, 615, 1556, 90], [-147, 2606, 1483, 0]]"
1765544433.710698,[],"[[-309, 615, 1556, 91], [-147, 2606, 1483, 0]]"
1765544433.7745848,[],"[[-309, 615, 1556, 92], [-147, 2606, 1483, 0]]"
1765544433.8383422,[],"[[-309, 615, 1556, 93], [-147, 2607, 1483, 0], [-181, 3582, 2091, 0]]"
1765544433.9081085,[],"[[-309, 615, 1556, 94], [-149, 2605, 1483, 0], [-181, 3582, 2091, 1]]"
1765544433.9785402,[],"[[-309, 615, 1556, 95], [-149, 2605, 1483, 0], [-181, 3582, 2091, 2]]"
1765544434.0424497,[],"[[-309, 615, 1556, 96], [-149, 2605, 1483, 0], [-181, 3582, 2091, 3]]"
1765544434.114239,[],"[[-309, 615, 1556, 97], [-147, 2606, 1483, 0], [-181, 3582, 2091, 4]]"
1765544434.1834667,[],"[[-309, 615, 1556, 98], [-147, 2606, 1483, 0]]"
1765544434.2473516,[],"[[-309, 615, 1556, 99], [-147, 2606, 1483, 0]]"
1765544434.3172467,[],"[[-309, 615, 1556, 100], [-149, 2605, 1483, 0]]"
1765544434.3813689,[],"[[-309, 615, 1556, 101], [-147, 2607, 1483, 0], [-177, 3582, 2091, 0]]"
1765544434.4447,[],"[[-309, 615, 1556, 102], [-149, 2606, 1483, 0], [-177, 3582, 2091, 1]]"
1765544434.5131383,[],"[[-309, 615, 1556, 103], [-149, 2605, 1483, 0], [-177, 3582, 2091, 2]]"
1765544434.5789828,[],"[[-309, 615, 1556, 104], [-147, 2606, 1483, 0], [-177, 3582, 2091, 3]]"
1765544434.639837,[],"[[-309, 615, 1556, 105], [-149, 2605, 1483, 0], [-177, 3582, 2091, 4]]"
1765544434.7096481,[],"[[-309, 615, 1556, 106], [-149, 2605, 1483, 0]]"
1765544434.7762525,[],"[[-309, 615, 1556, 107], [-147, 2607, 1483, 0]]"
1765544434.835893,[],"[[-309, 615, 1556, 108], [-147, 2607, 1483, 0]]"
1765544434.9059372,[],"[[-309, 615, 1556, 109], [-149, 2605, 1483, 0]]"
1765544434.971421,[],"[[-309, 615, 1556, 110], [-149, 2605, 1483, 0]]"
1765544435.0343897,[],"[[-309, 615, 1556, 111], [-147, 2606, 1483, 0]]"
1765544435.1012902,[],"[[-309, 615, 1556, 112], [-147, 2607, 1483, 0]]"
1765544435.170202,[],"[[-309, 615, 1556, 113], [-147, 2606, 1483, 0]]"
1765544435.2380059,[],"[[-309, 615, 1556, 114], [-149, 2605, 1483, 0]]"
1765544435.2998142,[],"[[-309, 615, 1556, 115], [-147, 2606, 1483, 0]]"
1765544435.3679712,[],"[[-309, 615, 1556, 116], [-149, 2605, 1483, 0]]"
1765544435.4311569,[],"[[-309, 615, 1556, 117], [-149, 2606, 1483, 0]]"
1765544435.4915066,[],"[[-309, 615, 1556, 118], [-147, 2606, 1483, 0]]"
1765544435.560909,[],"[[-309, 615, 1556, 119], [-149, 2605, 1483, 0]]"
1765544435.6266732,[],"[[-309, 615, 1556, 120], [-149, 2605, 1483, 0]]"
1765544435.6870003,[],"[[-309, 615, 1556, 121], [-149, 2606, 1483, 0]]"
1765544435.754946,[],"[[-309, 615, 1556, 122], [-147, 2607, 1483, 0], [-181, 3585, 2092, 0]]"
1765544435.8210592,[],"[[-309, 615, 1556, 123], [-147, 2606, 1483, 0], [-181, 3583, 2092, 0]]"
1765544435.8810492,[],"[[-309, 615, 1556, 124], [-147, 2606, 1483, 0], [-181, 3583, 2092, 1]]"
1765544435.9503777,[],"[[-309, 615, 1556, 125], [-147, 2607, 1483, 0], [-181, 3583, 2092, 2]]"
1765544436.019022,[],"[[-309, 615, 1556, 126], [-149, 2606, 1483, 0], [-180, 3581, 2092, 0]]"
1765544436.0864425,[],"[[-309, 615, 1556, 127], [-149, 2605, 1483, 0], [-180, 3581, 2092, 1]]"
1765544436.147087,[],"[[-309, 615, 1556, 128], [-147, 2606, 1483, 0], [-180, 3581, 2092, 2]]"
1765544436.214512,[],"[[-309, 615, 1556, 129], [-147, 2606, 1483, 0], [-181, 3583, 2092, 0]]"
1765544436.278627,[],"[[-309, 615, 1556, 130], [-149, 2605, 1483, 0], [-180, 3580, 2092, 0]]"
1765544436.3407252,[],"[[-309, 615, 1556, 131], [-147, 2606, 1483, 0], [-180, 3580, 2092, 1]]"
1765544436.4126441,[],"[[-309, 615, 1556, 132], [-147, 2607, 1483, 0], [-180, 3580, 2092, 2]]"
1765544436.4805217,[],"[[-309, 615, 1556, 133], [-147, 2606, 1483, 0], [-181, 3584, 2092, 0]]"
1765544436.543119,[],"[[-309, 615, 1556, 134], [-147, 2606, 1483, 0], [-181, 3584, 2092, 1]]"
1765544436.6141844,[],"[[-309, 615, 1556, 135], [-147, 2606, 1483, 0], [-181, 3584, 2092, 2]]"
1765544436.6803453,[],"[[-309, 615, 1556, 136], [-149, 2606, 1483, 0], [-181, 3584, 2092, 3]]"
1765544436.743932,[],"[[-309, 615, 1556, 137], [-147, 2607, 1483, 0], [-181, 3584, 2092, 4]]"
1765544436.8151214,[],"[[-309, 615, 1556, 138], [-147, 2607, 1483, 0]]"
1765544436.8826475,[],"[[-309, 615, 1556, 139], [-147, 2607, 1483, 0]]"
1765544436.9456816,[],"[[-309, 615, 1556, 140], [-147, 2606, 1483, 0]]"
1765544437.0151634,[],"[[-309, 615, 1556, 141], [-147, 2606, 1483, 0]]"
1765544437.081162,[],"[[-309, 615, 1556, 142], [-147, 2606, 1483, 0]]"
1765544437.143475,[],"[[-309, 615, 1556, 143], [-149, 2605, 1483, 0]]"
1765544437.214192,[],"[[-309, 615, 1556, 144], [-149, 2605, 1483, 0], [-181, 3589, 2096, 0]]"
1765544437.2813058,[],"[[-309, 615, 1556, 145], [-149, 2605, 1483, 0], [-181, 3589, 2096, 0]]"
1765544437.3445776,[],"[[-309, 615, 1556, 146], [-149, 2606, 1483, 0], [-181, 3589, 2096, 1]]"
1765544437.4124603,[],"[[-309, 615, 1556, 147], [-149, 2606, 1483, 0], [-181, 3591, 2096, 0]]"
1765544437.4791698,"[[-168, 2050, 615, 0]]","[[-309, 615, 1556, 148], [-149, 2605, 1483, 0], [-181, 3591, 2096, 1]]"
1765544437.5382876,"[[-168, 2050, 615, 1]]","[[-309, 615, 1556, 149], [-95, 2467, 1483, 0], [-181, 3591, 2096, 2]]"
1765544437.6091855,"[[-168, 2050, 615, 2]]","[[-309, 615, 1556, 150], [-95, 2467, 1483, 1], [-181, 3591, 2096, 3], [-33, 1991, 310, 0]]"
1765544437.6757064,"[[-168, 2050, 615, 3]]","[[-309, 615, 1556, 151], [-95, 2467, 1483, 2], [-181, 3591, 2096, 4], [-80, 2046, 310, 0]]"
1765544437.7373245,"[[-168, 2050, 615, 4]]","[[-309, 615, 1556, 152], [-95, 2467, 1483, 3], [-80, 2046, 310, 1]]"
1765544437.8020782,[],"[[-309, 615, 1556, 153], [-95, 2467, 1483, 4], [-80, 2046, 310, 2]]"
1765544437.863398,[],"[[-309, 615, 1556, 154], [-80, 2046, 310, 3]]"
1765544437.9194207,[],"[[-309, 615, 1556, 155], [-80, 2046, 310, 4]]"
1765544437.984705,[],"[[-309, 615, 1556, 156]]"
1765544438.0462132,[],"[[-309, 615, 1556, 157]]"
1765544438.105036,[],"[[-309, 615, 1556, 158]]"
1765544438.1697426,[],"[[-309, 615, 1556, 159]]"
1765544438.2312834,[],"[[-309, 615, 1556, 160]]"
1765544438.2856035,[],"[[-309, 615, 1556, 161]]"
1765544438.3474126,[],"[[-309, 615, 1556, 162]]"
1765544438.4050505,[],"[[-309, 615, 1556, 163]]"
1765544438.4588342,[],"[[-308, 614, 1556, 164]]"
1765544438.5223966,[],"[[-308, 614, 1556, 165]]"
1765544438.582931,[],"[[-308, 614, 1556, 166]]"
1765544438.6369061,[],"[[-308, 614, 1556, 167]]"
1765544438.691036,[],"[[-308, 614, 1556, 168]]"
1765544438.7548168,[],"[[-308, 614, 1556, 169]]"
1765544438.8145487,[],"[[-308, 614, 1556, 170]]"
1765544438.8685024,[],"[[-308, 614, 1556, 171]]"
1765544438.928959,[],"[[-308, 608, 1556, 172]]"
1765544438.9842973,[],"[[-308, 602, 1556, 173]]"
1765544439.0401242,[],"[[-308, 602, 1556, 174]]"
1765544439.1026495,[],"[[-308, 602, 1556, 175]]"
1765544439.1636798,[],"[[-308, 596, 1556, 176]]"
1765544439.2184818,[],"[[-308, 596, 1556, 177]]"
1765544439.2729192,[],"[[-308, 596, 1556, 178]]"
1765544439.3383687,[],"[[-308, 596, 1556, 179]]"
1765544439.4005866,[],"[[-308, 596, 1556, 180]]"
1765544439.4579847,[],"[[-308, 596, 1556, 181]]"
1765544439.5156598,[],"[[-308, 596, 1556, 182]]"
1765544439.57987,[],"[[-308, 596, 1556, 183]]"
1765544439.6402338,[],"[[-308, 596, 1556, 184]]"
1765544439.6946373,[],"[[-308, 596, 1556, 185]]"
1765544439.758924,[],"[[-308, 596, 1556, 186]]"
1765544439.8197968,[],"[[-308, 596, 1556, 187]]"
1765544439.8761053,[],"[[-308, 596, 1556, 188]]"
1765544439.9414446,[],"[[-308, 596, 1556, 189]]"
1765544440.0066423,[],"[[-308, 596, 1556, 190]]"
1765544440.064273,[],"[[-308, 596, 1556, 191]]"
1765544440.1314049,[],"[[-308, 596, 1556, 192]]"
1765544440.1951957,[],"[[-308, 596, 1556, 193]]"
1765544440.2510092,[],"[[-308, 596, 1556, 194]]"
1765544440.306495,[],"[[-308, 596, 1556, 195]]"
1765544440.3725953,[],"[[-308, 596, 1556, 196]]"
1765544440.4360976,[],"[[-308, 596, 1556, 197]]"
1765544440.4921012,[],"[[-308, 596, 1556, 198]]"
1765544440.555617,[],"[[-308, 596, 1556, 199]]"
1765544440.6173034,[],"[[-308, 596, 1556, 200]]"
1765544440.6767757,[],"[[-308, 596, 1556, 201]]"
1765544440.7409484,[],"[[-308, 596, 1556, 202]]"
1765544440.8024483,[],"[[-308, 596, 1556, 203]]"
1765544440.858724,[],"[[-308, 596, 1556, 204]]"
1765544440.9230375,[],"[[-308, 596, 1556, 205]]"
1765544440.9844062,[],"[[-308, 596, 1556, 206]]"
1765544441.0397277,[],"[[-308, 596, 1556, 207]]"
1765544441.1012273,[],"[[-308, 596, 1556, 208]]"
1765544441.1577046,[],"[[-308, 596, 1556, 209]]"
1765544441.214999,[],"[[-308, 596, 1556, 210]]"
1765544441.28187,[],"[[-308, 596, 1556, 211]]"
1765544441.3473613,[],"[[-308, 596, 1556, 212]]"
1765544441.4056926,[],"[[-308, 596, 1556, 213]]"
1765544441.47137,[],"[[-308, 596, 1556, 214]]"
1765544441.5326252,[],"[[-308, 596, 1556, 215]]"
1765544441.5894287,[],"[[-308, 596, 1556, 216]]"
1765544441.6552026,[],"[[-308, 596, 1556, 217]]"
1765544441.7183049,[],"[[-308, 596, 1556, 218]]"
1765544441.7747464,[],"[[-308, 596, 1556, 219]]"
1765544441.8314583,[],"[[-308, 596, 1556, 220]]"
1765544441.8986485,[],"[[-308, 596, 1556, 221]]"
1765544441.963127,[],"[[-308, 596, 1556, 222]]"
1765544442.0232208,[],"[[-308, 596, 1556, 223]]"
1765544442.095539,[],"[[-308, 596, 1556, 224]]"
1765544442.1561563,[],"[[-308, 596, 1556, 225]]"
1765544442.2143126,[],"[[-308, 596, 1556, 226]]"
1765544442.2830184,[],"[[-308, 596, 1556, 227]]"
1765544442.347589,[],"[[-308, 596, 1556, 228]]"
1765544442.4055798,[],"[[-308, 596, 1556, 229]]"
1765544442.4736392,[],"[[-308, 596, 1556, 230]]"
1765544442.5364804,[],"[[-308, 596, 1556, 231]]"
1765544442.5934691,[],"[[-308, 596, 1556, 232]]"
1765544442.6637924,[],"[[-308, 596, 1556, 233]]"
1765544442.7314696,[],"[[-308, 596, 1556, 234]]"
1765544442.7915936,[],"[[-308, 596, 1556, 235]]"
1765544442.8614068,[],"[[-308, 596, 1556, 236]]"
1765544442.9271142,[],"[[-308, 596, 1556, 237]]"
1765544442.9891,[],"[[-308, 596, 1556, 238]]"
1765544443.0545,[],"[[-308, 596, 1556, 239]]"
1765544443.1190734,[],"[[-308, 596, 1556, 240]]"
1765544443.1762586,[],"[[-308, 596, 1556, 241]]"
1765544443.245826,[],"[[-308, 596, 1556, 242]]"
1765544443.3082612,[],"[[-307, 595, 1556, 243]]"
1765544443.3691626,[],"[[-307, 595, 1556, 244]]"
1765544443.4331565,[],"[[-307, 595, 1556, 245]]"
1765544443.5001714,[],"[[-307, 595, 1556, 246]]"
1765544443.559307,[],"[[-307, 595, 1556, 247]]"
1765544443.624697,[],"[[-307, 595, 1556, 248]]"
1765544443.686969,[],"[[-307, 595, 1556, 249]]"
1765544443.746192,[],"[[-307, 595, 1556, 250]]"
1765544443.810977,[],"[[-307, 595, 1556, 251]]"
1765544443.868497,[],"[[-307, 595, 1556, 252]]"
1765544443.9267836,[],"[[-306, 594, 1556, 253]]"
1765544443.9969914,[],"[[-306, 594, 1556, 254]]"
1765544444.0661187,[],"[[-306, 594, 1556, 255]]"
1765544444.1231291,[],"[[-306, 594, 1556, 256]]"
1765544444.1928139,[],"[[-306, 594, 1556, 257]]"
1765544444.255444,[],"[[-306, 588, 1556, 258]]"
1765544444.3126645,[],"[[-306, 588, 1556, 259]]"
1765544444.3788555,[],"[[-306, 588, 1556, 260]]"
1765544444.4368544,[],"[[-306, 582, 1556, 261]]"
1765544444.493638,[],"[[-306, 582, 1556, 262]]"
1765544444.5584264,[],"[[-306, 582, 1556, 263]]"
1765544444.6203938,[],"[[-306, 576, 1556, 264]]"
1765544444.6761594,[],"[[-306, 576, 1556, 265]]"
1765544444.743572,[],"[[-306, 576, 1556, 266]]"
1765544444.806169,[],"[[-306, 576, 1556, 267]]"
1765544444.8631563,[],"[[-306, 576, 1556, 268]]"
1765544444.929526,[],"[[-306, 576, 1556, 269]]"
1765544444.9887865,[],"[[-306, 576, 1556, 270]]"
1765544445.046162,[],"[[-306, 576, 1556, 271]]"
1765544445.1026413,[],"[[-306, 576, 1556, 272]]"
1765544445.1677477,[],"[[-306, 570, 1556, 273]]"
1765544445.2288034,[],"[[-306, 570, 1556, 274]]"
1765544445.2851481,[],"[[-306, 570, 1556, 275]]"
1765544445.3536036,[],"[[-306, 570, 1556, 276]]"
1765544445.4161243,[],"[[-306, 570, 1556, 277]]"
1765544445.4710674,[],"[[-306, 570, 1556, 278]]"
1765544445.5352511,[],"[[-306, 570, 1556, 279]]"
1765544445.597267,[],"[[-306, 570, 1556, 280]]"
1765544445.6535237,[],"[[-306, 570, 1556, 281]]"
1765544445.7178178,[],"[[-306, 570, 1556, 282]]"
1765544445.7790082,[],"[[-306, 570, 1556, 283]]"
1765544445.8351946,[],"[[-306, 570, 1556, 284]]"
1765544445.8916,[],"[[-306, 570, 1556, 285]]"
1765544445.9587889,[],"[[-306, 570, 1556, 286]]"
1765544446.0186725,[],"[[-306, 570, 1556, 287]]"
1765544446.0813332,[],"[[-306, 570, 1556, 288]]"
1765544446.1452649,[],"[[-306, 570, 1556, 289]]"
1765544446.2065043,[],"[[-306, 570, 1556, 290]]"
1765544446.265927,[],"[[-306, 570, 1556, 291]]"
1765544446.323079,[],"[[-306, 570, 1556, 292]]"
1765544446.3883855,[],"[[-306, 570, 1556, 293]]"
1765544446.4622428,[],"[[-306, 570, 1556, 294], [-111, 1891, 408, 0]]"
1765544446.5225227,"[[-949, 3424, 2144, 0]]","[[-306, 570, 1556, 295], [-109, 1890, 408, 0]]"
1765544446.5880425,"[[-920, 3437, 2144, 0]]","[[-306, 570, 1556, 296], [-109, 1890, 408, 0]]"
1765544446.6575818,"[[-921, 3440, 2144, 0]]","[[-306, 570, 1556, 297], [-108, 1891, 408, 0], [-35, 2630, 1129, 0]]"
1765544446.7233026,"[[-921, 3441, 2144, 0]]","[[-306, 570, 1556, 298], [-109, 1889, 408, 0], [-35, 2631, 1129, 0]]"
1765544446.790757,"[[-921, 3440, 2144, 0]]","[[-306, 570, 1556, 299], [-109, 1889, 408, 0], [-35, 2630, 1129, 0]]"
1765544446.8692646,"[[-950, 3427, 2144, 0]]","[[-306, 570, 1556, 300], [-109, 1889, 408, 0], [-35, 2631, 1129, 0]]"
1765544446.936287,"[[-951, 3429, 2144, 0]]","[[-306, 570, 1556, 301], [-108, 1890, 408, 0], [-35, 2631, 1129, 0]]"
1765544447.0002694,"[[-948, 3423, 2144, 0]]","[[-306, 570, 1556, 302], [-108, 1889, 408, 0], [-33, 2631, 1129, 0]]"
1765544447.0731297,"[[-919, 3427, 2144, 0]]","[[-306, 570, 1556, 303], [-109, 1888, 408, 0], [-35, 2630, 1129, 0]]"
1765544447.146187,"[[-919, 3427, 2144, 1], [-238, 1981, 545, 0]]","[[-306, 570, 1556, 304], [-108, 1888, 408, 0], [-35, 2631, 1129, 0]]"
1765544447.2113314,"[[-919, 3427, 2144, 2], [-235, 1973, 545, 0]]","[[-306, 570, 1556, 305], [-109, 1886, 408, 0], [-37, 2631, 1129, 0]]"
1765544447.2841606,"[[-919, 3427, 2144, 3], [-292, 2112, 545, 0]]","[[-306, 570, 1556, 306], [-108, 1885, 408, 0], [-40, 2631, 1129, 0], [-10, 3601, 2103, 0]]"
1765544447.3477106,"[[-919, 3427, 2144, 4], [-292, 2112, 545, 1]]","[[-306, 570, 1556, 307], [-107, 1885, 408, 0], [-44, 2631, 1129, 0], [-13, 3593, 2103, 0]]"
1765544447.409546,"[[-919, 3427, 2144, 5], [-292, 2112, 545, 2]]","[[-306, 570, 1556, 308], [-107, 1884, 408, 0], [-44, 2631, 1129, 0], [-13, 3595, 2103, 0]]"
1765544447.4823494,"[[-959, 3407, 2144, 0], [-292, 2112, 545, 3]]","[[-306, 570, 1556, 309], [-109, 1882, 408, 0], [-44, 2630, 1129, 0], [-13, 3595, 2103, 1]]"
1765544447.5501142,"[[-895, 3279, 2144, 0], [-292, 2112, 545, 4]]","[[-306, 570, 1556, 310], [-109, 1882, 408, 0], [-44, 2631, 1129, 0], [-13, 3595, 2103, 2]]"
1765544447.6127932,"[[-801, 3092, 2144, 0], [-292, 2112, 545, 5]]","[[-306, 570, 1556, 311], [-108, 1882, 408, 0], [-44, 2630, 1129, 0], [-13, 3595, 2103, 3]]"
1765544447.6837115,"[[-878, 3245, 2144, 0], [-292, 2112, 545, 6]]","[[-306, 570, 1556, 312], [-109, 1882, 408, 0], [-44, 2630, 1129, 0], [-13, 3594, 2103, 0]]"
1765544447.7531555,"[[-963, 3413, 2144, 0], [-292, 2112, 545, 7]]","[[-306, 570, 1556, 313], [-109, 1882, 408, 0], [-44, 2630, 1129, 0], [-13, 3594, 2103, 1]]"
1765544447.81609,"[[-963, 3413, 2144, 1], [-292, 2112, 545, 8]]","[[-306, 570, 1556, 314], [-109, 1882, 408, 0], [-44, 2630, 1129, 0], [-13, 3594, 2103, 2]]"
1765544447.8874836,"[[-964, 3415, 2144, 0], [-292, 2112, 545, 9]]","[[-306, 570, 1556, 315], [-109, 1882, 408, 0], [-46, 2630, 1129, 0], [-13, 3596, 2103, 0]]"
1765544447.9568415,"[[-964, 3415, 2144, 0], [-292, 2112, 545, 10]]","[[-306, 570, 1556, 316], [-109, 1882, 408, 0], [-44, 2631, 1129, 0], [-13, 3594, 2103, 0]]"
1765544448.0206985,"[[-959, 3407, 2144, 0], [-292, 2112, 545, 11]]","[[-306, 570, 1556, 317], [-109, 1883, 408, 0], [-44, 2631, 1129, 0], [-17, 3595, 2103, 0]]"
1765544448.084878,"[[-962, 3412, 2144, 0], [-292, 2112, 545, 12]]","[[-306, 570, 1556, 318], [-109, 1882, 408, 0], [-44, 2630, 1129, 0], [-13, 3594, 2103, 0]]"
1765544448.1571903,"[[-957, 3402, 2144, 0], [-292, 2112, 545, 13]]","[[-306, 570, 1556, 319], [-109, 1882, 408, 0], [-44, 2631, 1129, 0], [-13, 3594, 2103, 1]]"
1765544448.2212286,"[[-957, 3402, 2144, 1], [-292, 2112, 545, 14]]","[[-306, 570, 1556, 320], [-109, 1882, 408, 0], [-44, 2631, 1129, 0], [-13, 3592, 2103, 0]]"
1765544448.2842455,"[[-959, 3407, 2144, 0], [-292, 2112, 545, 15]]","[[-306, 570, 1556, 321], [-109, 1882, 408, 0], [-44, 2630, 1129, 0], [-13, 3592, 2103, 1]]"
1765544448.3476207,"[[-961, 3410, 2144, 0], [-292, 2112, 545, 16]]","[[-306, 570, 1556, 322], [-108, 1882, 408, 0], [-44, 2631, 1129, 0], [-13, 3593, 2103, 0]]"
1765544448.4206371,"[[-961, 3409, 2144, 0], [-292, 2112, 545, 17]]","[[-306, 570, 1556, 323], [-108, 1882, 408, 0], [-44, 2631, 1129, 0], [-13, 3533, 2103, 0]]"
1765544448.48872,"[[-962, 3411, 2144, 0], [-292, 2112, 545, 18]]","[[-306, 570, 1556, 324], [-108, 1882, 408, 0], [-44, 2630, 1129, 0], [-13, 3533, 2103, 1]]"
1765544448.5508184,"[[-961, 3410, 2144, 0], [-292, 2112, 545, 19]]","[[-306, 570, 1556, 325], [-109, 1882, 408, 0], [-44, 2631, 1129, 0], [-13, 3594, 2103, 0]]"
1765544448.6231587,"[[-958, 3404, 2144, 0], [-292, 2112, 545, 20]]","[[-306, 570, 1556, 326], [-109, 1882, 408, 0], [-44, 2631, 1129, 0], [-13, 3594, 2103, 1]]"
1765544448.6900132,"[[-962, 3412, 2144, 0], [-292, 2112, 545, 21]]","[[-306, 570, 1556, 327], [-109, 1882, 408, 0], [-44, 2630, 1129, 0], [-13, 3594, 2103, 2]]"
1765544448.7509387,"[[-960, 3408, 2144, 0], [-292, 2112, 545, 22]]","[[-306, 570, 1556, 328], [-109, 1882, 408, 0], [-44, 2631, 1129, 0], [-13, 3594, 2103, 3]]"
1765544448.823312,"[[-961, 3409, 2144, 0], [-292, 2112, 545, 23]]","[[-306, 570, 1556, 329], [-109, 1882, 408, 0], [-44, 2631, 1129, 0], [-13, 3594, 2103, 0]]"
1765544448.8892121,"[[-959, 3406, 2144, 0], [-292, 2112, 545, 24]]","[[-306, 570, 1556, 330], [-109, 1883, 408, 0], [-44, 2630, 1129, 0], [-13, 3594, 2103, 1]]"
1765544448.9530442,"[[-962, 3412, 2144, 0], [-292, 2112, 545, 25]]","[[-306, 570, 1556, 331], [-109, 1882, 408, 0], [-44, 2630, 1129, 0], [-13, 3593, 2103, 0]]"
1765544449.0236754,"[[-963, 3413, 2144, 0], [-292, 2112, 545, 26]]","[[-306, 570, 1556, 332], [-109, 1882, 408, 0], [-44, 2630, 1129, 0], [-13, 3594, 2103, 0]]"
1765544449.0923052,"[[-963, 3413, 2144, 1], [-292, 2112, 545, 27]]","[[-306, 570, 1556, 333], [-109, 1882, 408, 0], [-44, 2630, 1129, 0], [-13, 3595, 2103, 0]]"
1765544449.1556618,"[[-960, 3408, 2144, 0], [-292, 2112, 545, 28]]","[[-306, 570, 1556, 334], [-108, 1882, 408, 0], [-44, 2631, 1129, 0], [-13, 3595, 2103, 1]]"
1765544449.2252421,"[[-960, 3407, 2144, 0], [-292, 2112, 545, 29]]","[[-306, 570, 1556, 335], [-108, 1882, 408, 0], [-44, 2630, 1129, 0], [-13, 3595, 2103, 2]]"
1765544449.2934184,"[[-963, 3415, 2144, 0], [-292, 2112, 545, 30]]","[[-306, 570, 1556, 336], [-108, 1883, 408, 0], [-44, 2630, 1129, 0], [-13, 3596, 2103, 0]]"
1765544449.356738,"[[-961, 3410, 2144, 0], [-292, 2112, 545, 31]]","[[-306, 570, 1556, 337], [-108, 1882, 408, 0], [-44, 2631, 1129, 0], [-13, 3593, 2103, 0]]"
1765544449.4279025,"[[-961, 3410, 2144, 0], [-292, 2112, 545, 32]]","[[-306, 570, 1556, 338], [-108, 1882, 408, 0], [-44, 2630, 1129, 0], [-13, 3593, 2103, 1]]"
1765544449.4949844,"[[-957, 3402, 2144, 0], [-292, 2112, 545, 33]]","[[-306, 570, 1556, 339], [-108, 1882, 408, 0], [-44, 2630, 1129, 0], [-13, 3595, 2103, 0]]"
1765544449.5576868,"[[-961, 3410, 2144, 0], [-292, 2112, 545, 34]]","[[-306, 570, 1556, 340], [-109, 1882, 408, 0], [-44, 2630, 1129, 0], [-13, 3595, 2103, 1]]"
1765544449.630931,"[[-961, 3409, 2144, 0], [-292, 2112, 545, 35]]","[[-306, 570, 1556, 341], [-108, 1882, 408, 0], [-44, 2631, 1129, 0], [-13, 3595, 2103, 2]]"
1765544449.6991284,"[[-963, 3414, 2144, 0], [-292, 2112, 545, 36]]","[[-306, 570, 1556, 342], [-109, 1882, 408, 0], [-44, 2630, 1129, 0], [-13, 3592, 2103, 0]]"
1765544449.7630174,"[[-959, 3406, 2144, 0], [-292, 2112, 545, 37]]","[[-306, 570, 1556, 343], [-109, 1882, 408, 0], [-44, 2631, 1129, 0], [-13, 3596, 2103, 0]]"
1765544449.8340054,"[[-961, 3410, 2144, 0], [-292, 2112, 545, 38]]","[[-306, 570, 1556, 344], [-108, 1882, 408, 0], [-44, 2631, 1129, 0], [-13, 3592, 2103, 0]]"
1765544449.9041011,"[[-961, 3410, 2144, 0], [-292, 2112, 545, 39]]","[[-306, 570, 1556, 345], [-109, 1882, 408, 0], [-44, 2630, 1129, 0], [-13, 3592, 2103, 1]]"
1765544449.9685843,"[[-963, 3413, 2144, 0], [-292, 2112, 545, 40]]","[[-306, 570, 1556, 346], [-108, 1882, 408, 0], [-44, 2630, 1129, 0], [-13, 3595, 2103, 0]]"
1765544450.0402637,"[[-963, 3413, 2144, 0], [-292, 2112, 545, 41]]","[[-306, 570, 1556, 347], [-109, 1882, 408, 0], [-44, 2630, 1129, 0], [-13, 3595, 2103, 0]]"
1765544450.108615,"[[-961, 3410, 2144, 0], [-292, 2112, 545, 42]]","[[-306, 570, 1556, 348], [-109, 1882, 408, 0], [-44, 2631, 1129, 0], [-13, 3595, 2103, 0]]"
1765544450.173027,"[[-961, 3410, 2144, 1], [-292, 2112, 545, 43]]","[[-306, 570, 1556, 349], [-108, 1882, 408, 0], [-44, 2630, 1129, 0], [-13, 3594, 2103, 0]]"
1765544450.2444453,"[[-962, 3412, 2144, 0], [-292, 2112, 545, 44]]","[[-306, 570, 1556, 350], [-109, 1882, 408, 0], [-44, 2630, 1129, 0], [-13, 3595, 2103, 0]]"
1765544450.3123603,"[[-881, 3251, 2144, 0], [-292, 2112, 545, 45]]","[[-306, 570, 1556, 351], [-108, 1882, 408, 0], [-44, 2630, 1129, 0], [-13, 3595, 2103, 1]]"
1765544450.3774154,"[[-960, 3407, 2144, 0], [-292, 2112, 545, 46]]","[[-306, 570, 1556, 352], [-108, 1882, 408, 0], [-44, 2631, 1129, 0], [-13, 3593, 2103, 0]]"
1765544450.4487853,"[[-959, 3407, 2144, 0], [-292, 2112, 545, 47]]","[[-306, 570, 1556, 353], [-109, 1882, 408, 0], [-44, 2630, 1129, 0], [-13, 3593, 2103, 1]]"
1765544450.5158932,"[[-962, 3411, 2144, 0], [-292, 2112, 545, 48]]","[[-306, 570, 1556, 354], [-108, 1882, 408, 0], [-44, 2630, 1129, 0], [-13, 3593, 2103, 2]]"
1765544450.580595,"[[-962, 3411, 2144, 1], [-292, 2112, 545, 49]]","[[-306, 570, 1556, 355], [-109, 1882, 408, 0], [-44, 2631, 1129, 0], [-13, 3592, 2103, 0]]"
1765544450.6499035,"[[-962, 3411, 2144, 2], [-292, 2112, 545, 50]]","[[-306, 570, 1556, 356], [-109, 1882, 408, 0], [-44, 2630, 1129, 0], [-13, 3592, 2103, 1]]"
1765544450.717636,"[[-960, 3408, 2144, 0], [-292, 2112, 545, 51]]","[[-306, 570, 1556, 357], [-109, 1882, 408, 0], [-44, 2630, 1129, 0], [-13, 3593, 2103, 0]]"
1765544450.7810626,"[[-963, 3414, 2144, 0], [-292, 2112, 545, 52]]","[[-306, 570, 1556, 358], [-108, 1882, 408, 0], [-44, 2630, 1129, 0], [-13, 3593, 2103, 1]]"
