1765544413.6639426,90.0
1765544413.7353735,90.0
1765544413.8044465,84.00743667037926
1765544413.8703787,84.06633523115238
1765544413.932002,83.23358293213586
1765544413.9922268,83.23358293213586
1765544414.0587513,83.24813968828964
1765544414.1204317,73.67432988267308
1765544414.1810849,74.04487794458984
1765544414.2493896,75.46363227897899
1765544414.3151722,73.48197446457593
1765544414.375435,73.48197446457593
1765544414.4445348,73.5013744071072
1765544414.5110989,87.46794696790172
1765544414.5779746,86.08760341894015
1765544414.6484888,86.70247336072093
1765544414.7146275,87.6293903215701
1765544414.7773292,85.75224306993138
1765544414.845912,89.62956687040362
1765544414.9118178,87.4367856851332
1765544414.9736776,84.9634959903889
1765544415.0427864,84.96484951840884
1765544415.1093824,84.44594767007139
1765544415.1713939,82.85407070647456
1765544415.240826,85.07519703046441
1765544415.3078408,84.51077310044114
1765544415.3704314,82.32378521406571
1765544415.439722,82.32378521406571
1765544415.5039213,82.46552149088478
1765544415.5674798,82.83212167359106
1765544415.629289,82.90938711823925
1765544415.6949208,84.55406897330603
1765544415.7601445,82.40675727430224
1765544415.820667,82.48272430679023
1765544415.8903718,82.42123800646465
1765544415.9540474,85.93246564786601
1765544416.0155303,86.01649861459028
1765544416.0848951,87.72860943983927
1765544416.1513696,87.5281569190448
1765544416.2131102,87.59473187730559
1765544416.2737274,85.03651426034266
1765544416.341048,84.98343676229779
1765544416.4149983,85.04470649883956
1765544416.475566,85.04470649883956
1765544416.5434954,85.03651426034266
1765544416.6071942,84.95267784204229
1765544416.6689384,86.65169331998398
1765544416.7398243,86.62032578859542
1765544416.8060927,86.09469743744275
1765544416.8690195,85.00589233731016
1765544416.9372468,85.10975916876797
1765544417.0046341,84.9779110492816
1765544417.0662959,85.0710555970005
1765544417.1360238,85.04470649883956
1765544417.2030854,84.99148364343095
1765544417.2649674,87.00678518051842
1765544417.334407,87.09178379872077
1765544417.4011085,85.23694649882546
1765544417.464436,85.65535929610807
1765544417.5341015,85.95169178754014
1765544417.6011438,86.99238663547239
1765544417.6635332,85.64913502201671
1765544417.722382,84.74372041013484
1765544417.7939532,85.24965079662702
1765544417.8646545,86.54258601179974
1765544417.9333715,85.07560654039281
1765544417.9964032,86.31290127282816
1765544418.0576077,85.68275177891485
1765544418.1260016,86.67496987773738
1765544418.1945393,84.85763532195138
1765544418.2562768,86.2103027143548
1765544418.3261337,93.59761518495822
1765544418.3893805,91.94977267783098
1765544418.4516988,92.50623342708195
1765544418.5214438,92.50623342708195
1765544418.5868542,92.71420366490955
1765544418.6486864,92.45252735776539
1765544418.7196853,93.05372620977894
1765544418.7866907,92.71420366490955
1765544418.8485422,93.38512407970731
1765544418.9174871,86.03258223825671
1765544418.9841387,86.0402471849863
1765544419.0458941,88.23390796806004
1765544419.1086726,87.42874417465742
1765544419.1775417,86.76553785961488
1765544419.2441144,86.56476701493678
1765544419.30568,87.72353527717925
1765544419.367307,87.08688545128499
1765544419.4371736,85.87208584963503
1765544419.5026052,86.20705229785447
1765544419.5642629,86.64085862193973
1765544419.6345294,86.65991918858032
1765544419.7014897,88.2398110106952
1765544419.7627885,88.28219106284818
1765544419.8231452,88.79553792962899
1765544419.8855605,88.79553792962899
1765544419.9471278,84.99781267362937
1765544420.0172722,84.14080373340468
1765544420.0833976,83.96506103762825
1765544420.145751,84.20980945171598
1765544420.215537,84.15889338550731
1765544420.2880895,84.76906154296286
1765544420.3559437,86.51437502387603
1765544420.4313102,87.9241581240387
1765544420.5036023,88.79326792133666
1765544420.5731473,88.50091298039308
1765544420.6473634,86.52620767985735
1765544420.718244,85.51280275651077
1765544420.7839222,84.50127102048549
1765544420.8593762,86.59531288863545
1765544420.9301577,85.7341514044255
1765544420.9963367,85.7341514044255
1765544421.0690897,88.4352922383199
1765544421.1390913,88.37563331534123
1765544421.2059548,89.3405772145195
1765544421.282513,88.57538218137154
1765544421.357859,87.5793217568485
1765544421.4249299,84.12434966402766
1765544421.5008395,84.12434966402766
1765544421.5751743,85.00353740334972
1765544421.6435075,82.34546785944954
1765544421.7185092,82.39609971305883
1765544421.792261,82.39609971305883
1765544421.859204,82.29835736650091
1765544421.9263842,82.42123800646465
1765544422.001396,85.65708749897044
1765544422.0692954,87.10280872120306
1765544422.1358297,87.18723914116093
1765544422.2094097,86.93769736608557
1765544422.2806528,87.16237495168635
1765544422.3469312,87.18749177808763
1765544422.4233902,85.33299054463534
1765544422.4915113,86.23471364271317
1765544422.561515,82.97104614416848
1765544422.6417384,82.36788267397093
1765544422.7110329,84.98366694300088
1765544422.7683332,86.60241932608241
1765544422.8344412,85.61867986781026
1765544422.9061246,84.92469453948108
1765544422.9680567,84.10003603167918
1765544423.0382771,87.74719192891017
1765544423.1024036,94.43373341704817
1765544423.163679,93.72838044351454
1765544423.2338822,93.85192290217297
1765544423.3008883,98.11672400996441
1765544423.3626492,98.99484231611402
1765544423.4323452,75.5595291375189
1765544423.4989064,76.97529081172172
1765544423.5617998,74.50502691088083
1765544423.6339452,90.72018916818591
1765544423.7008176,90.35409434361506
1765544423.7640822,90.54611160936298
1765544423.827313,89.5254760158701
1765544423.897791,89.04976262801354
1765544423.9619071,89.2612921271241
1765544424.0228753,86.54626497318138
1765544424.083687,86.14292214702611
1765544424.153574,84.47656676071233
1765544424.2209184,84.71111302916658
1765544424.2824655,84.91285857095725
1765544424.350548,80.33559369254215
1765544424.4157102,92.31732719019672
1765544424.4765987,89.77696447287224
1765544424.5436378,86.13352887592644
1765544424.6072016,79.91767545908236
1765544424.6682909,74.95865267908641
1765544424.7287867,74.4144946329192
1765544424.797222,75.04435053224785
1765544424.864707,76.15022765174987
1765544424.9283924,80.73468299709731
1765544424.9995973,81.1774428015163
1765544425.0707402,81.99817675075384
1765544425.1338441,82.35548907473863
1765544425.1970894,91.21905180518293
1765544425.2662673,84.27320364525221
1765544425.3329227,77.58246570273703
1765544425.393694,75.78582873685328
1765544425.4613402,76.8898935703447
1765544425.5269141,76.39589012587682
1765544425.5886269,75.23076021961455
1765544425.6583455,34.82196467942385
1765544425.723883,60.72907614391795
1765544425.788005,65.52476855403599
1765544425.858476,9.151555543164804
1765544425.926855,9.478214106196646
1765544425.989835,9.684605395984121
1765544426.0616097,8.568900945142175
1765544426.1315477,6.542322322677606
1765544426.1968632,1.5995901162201704
1765544426.2619746,1.73514736028676
1765544426.3366842,2.0439209757470564
1765544426.4078977,1.9642075105393104
1765544426.4714973,1.4866022930770697
1765544426.5436096,1.471990971082576
1765544426.6106093,1.3669861397094536
1765544426.6758215,0.5156672550121613
1765544426.7478397,0.5211356952840589
1765544426.817199,0.4838292071105599
1765544426.8809793,0.3276097836841956
1765544426.9537132,0.12051418866282404
1765544427.024814,0.09584910268500835
1765544427.0912037,52.79455743436878
1765544427.163329,67.86935383008503
1765544427.2300406,82.80752434423809
1765544427.294373,100.4702299083154
1765544427.364409,100.95370660821877
1765544427.4351346,100.44651344391413
1765544427.4982193,100.28780243212604
1765544427.568375,100.35360550794687
1765544427.635217,103.99991228855838
1765544427.6986058,105.57134985292623
1765544427.7686229,114.72426012244094
1765544427.8331306,100.8919829009431
1765544427.891121,85.51376855096629
1765544427.949143,74.03588872171915
1765544428.016004,96.1893515390307
1765544428.0796728,96.76321156403739
1765544428.1383998,91.41162975131355
1765544428.2052617,91.4028757649393
1765544428.2692068,91.42970642246063
1765544428.3245432,91.45781162929154
1765544428.3951616,91.61553362500781
1765544428.4599855,91.78436546491535
1765544428.524863,92.02146181534094
1765544428.5867097,92.42944513972351
1765544428.6477115,92.7109247022363
1765544428.704413,92.85644767673878
1765544428.7740583,93.09868503902764
1765544428.8407652,93.3132498699062
1765544428.898707,77.6613928459839
1765544428.9658794,77.64575959504722
1765544429.0272539,77.62782768601551
1765544429.0839808,77.65423336836537
1765544429.1539938,77.74009993794074
1765544429.2169514,77.86373494205934
1765544429.2716284,78.01754143116008
1765544429.3450613,85.91099939121668
1765544429.4128332,86.13123028207538
1765544429.4659123,86.26160077734748
1765544429.522694,86.49120410537436
1765544429.5799623,86.57669671838329
1765544429.6368651,86.56701644344554
1765544429.6940792,92.71430070462054
1765544429.7549596,91.78216272636138
1765544429.8150682,91.74291645598724
1765544429.875438,93.4440321196357
1765544429.9312568,91.88485095851198
1765544429.9914403,92.52155521326674
1765544430.0591202,91.22584782040262
1765544430.1227677,90.0
1765544430.1877155,72.37949207369311
1765544430.2557473,67.45979422716537
1765544430.3194404,63.896157975850066
1765544430.3784041,62.21077576440518
1765544430.4468362,57.65314722733112
1765544430.5113466,51.43354708324198
1765544430.573592,57.934385255019244
1765544430.6473234,44.32207707940258
1765544430.710887,39.02738050003579
1765544430.7718906,34.33138974435656
1765544430.8370862,24.723908729098767
1765544430.9021487,90.0
1765544430.9671013,90.0
1765544431.040034,90.0
1765544431.1043088,90.0
1765544431.1661003,90.0
1765544431.2259278,90.0
1765544431.286931,90.0
1765544431.3495955,90.0
1765544431.4294045,90.0
1765544431.4988823,90.0
1765544431.558984,90.0
1765544431.6274598,90.0
1765544431.6944833,90.0
1765544431.7578187,90.0
1765544431.8266625,90.0
1765544431.8987644,90.0
1765544431.9615445,90.0
1765544432.0241675,90.0
1765544432.092127,90.0
1765544432.1616025,90.0
1765544432.2315161,90.0
1765544432.2948854,90.0
1765544432.35644,90.0
1765544432.425513,90.0
1765544432.495451,90.0
1765544432.5619683,90.0
1765544432.6272912,90.0
1765544432.7047546,90.0
1765544432.7747567,90.0
1765544432.8423584,90.0
1765544432.913461,90.0
1765544432.9819665,90.0
1765544433.0410585,90.0
1765544433.1111877,90.0
1765544433.1815162,90.0
1765544433.2442174,90.0
1765544433.3120477,90.0
1765544433.482744,90.0
1765544433.4885483,90.0
1765544433.513131,90.0
1765544433.5849543,90.0
1765544433.648191,90.0
1765544433.7192338,90.0
1765544433.7834392,90.0
1765544433.8470993,90.0
1765544433.9166963,90.0
1765544433.9869344,90.0
1765544434.0509412,90.0
1765544434.1226132,90.0
1765544434.1918747,90.0
1765544434.2558582,90.0
1765544434.3256123,90.0
1765544434.389732,90.0
1765544434.4532516,90.0
1765544434.5217273,90.0
1765544434.5873399,90.0
1765544434.6481953,90.0
1765544434.7180967,90.0
1765544434.7848623,90.0
1765544434.8443103,90.0
1765544434.9143205,90.0
1765544434.979838,90.0
1765544435.0431235,90.0
1765544435.1097226,90.0
1765544435.1787117,90.0
1765544435.2465508,90.0
1765544435.3087924,90.0
1765544435.376567,90.0
1765544435.4397795,90.0
1765544435.5001004,90.0
1765544435.570859,90.0
1765544435.6376538,90.0
1765544435.6993272,90.0
1765544435.7636435,90.0
1765544435.829585,90.0
1765544435.8895159,90.0
1765544435.958725,90.0
1765544436.0275576,90.0
1765544436.0950396,90.0
1765544436.1554492,90.0
1765544436.22322,90.0
1765544436.2870045,90.0
1765544436.3491638,90.0
1765544436.42103,90.0
1765544436.4888604,90.0
1765544436.5514984,90.0
1765544436.6225555,90.0
1765544436.6887054,90.0
1765544436.7523928,90.0
1765544436.82384,90.0
1765544436.8914218,90.0
1765544436.9543126,90.0
1765544437.023786,90.0
1765544437.0901887,90.0
1765544437.1520848,90.0
1765544437.222588,90.0
1765544437.2898035,90.0
1765544437.353492,90.0
1765544437.4214215,90.0
1765544437.4880786,163.3710821968536
1765544437.5470498,162.6213733003009
1765544437.618053,162.84375839382392
1765544437.684538,164.3996670940198
1765544437.7460828,172.86288849324595
1765544437.8109357,90.0
1765544437.8730643,90.0
1765544437.9316332,90.0
1765544437.9931717,90.0
1765544438.054581,90.0
1765544438.1136444,90.0
1765544438.178138,90.0
1765544438.2395444,90.0
1765544438.293868,90.0
1765544438.3557575,90.0
1765544438.4136508,90.0
1765544438.467171,90.0
1765544438.5345128,90.0
1765544438.592431,90.0
1765544438.6456995,90.0
1765544438.6995325,90.0
1765544438.7634063,90.0
1765544438.8231099,90.0
1765544438.880725,90.0
1765544438.9412758,90.0
1765544438.9928167,90.0
1765544439.0486777,90.0
1765544439.1111968,90.0
1765544439.1721842,90.0
1765544439.227231,90.0
1765544439.2851408,90.0
1765544439.3503993,90.0
1765544439.4125836,90.0
1765544439.4666963,90.0
1765544439.524197,90.0
1765544439.5884094,90.0
1765544439.648738,90.0
1765544439.7034974,90.0
1765544439.7676628,90.0
1765544439.8284223,90.0
1765544439.88461,90.0
1765544439.9498813,90.0
1765544440.0150523,90.0
1765544440.0726655,90.0
1765544440.1397233,90.0
1765544440.2035894,90.0
1765544440.2594008,90.0
1765544440.3145745,90.0
1765544440.3813262,90.0
1765544440.4451306,90.0
1765544440.5044305,90.0
1765544440.5640388,90.0
1765544440.6260526,90.0
1765544440.6851099,90.0
1765544440.7493649,90.0
1765544440.8107605,90.0
1765544440.867068,90.0
1765544440.931359,90.0
1765544440.9928212,90.0
1765544441.0482242,90.0
1765544441.109518,90.0
1765544441.1660526,90.0
1765544441.2233434,90.0
1765544441.2904222,90.0
1765544441.3558912,90.0
1765544441.414128,90.0
1765544441.479793,90.0
1765544441.540975,90.0
1765544441.5978322,90.0
1765544441.6635284,90.0
1765544441.726949,90.0
1765544441.783227,90.0
1765544441.8396492,90.0
1765544441.9070897,90.0
1765544441.9715052,90.0
1765544442.0316272,90.0
1765544442.1038473,90.0
1765544442.1647184,90.0
1765544442.2228553,90.0
1765544442.2918346,90.0
1765544442.3559117,90.0
1765544442.4139454,90.0
1765544442.4821022,90.0
1765544442.5451608,90.0
1765544442.60211,90.0
1765544442.67234,90.0
1765544442.7402132,90.0
1765544442.8002865,90.0
1765544442.8700562,90.0
1765544442.9355872,90.0
1765544442.9973767,90.0
1765544443.0629277,90.0
1765544443.127431,90.0
1765544443.1845984,90.0
1765544443.25417,90.0
1765544443.3166084,90.0
1765544443.377472,90.0
1765544443.4422176,90.0
1765544443.5085773,90.0
1765544443.5676317,90.0
1765544443.6331654,90.0
1765544443.6955678,90.0
1765544443.7549164,90.0
1765544443.8195884,90.0
1765544443.8769393,90.0
1765544443.9351315,90.0
1765544444.0055022,90.0
1765544444.0745187,90.0
1765544444.131468,90.0
1765544444.2011197,90.0
1765544444.2637813,90.0
1765544444.3209903,90.0
1765544444.3871567,90.0
1765544444.4451761,90.0
1765544444.5021892,90.0
1765544444.5669549,90.0
1765544444.6326427,90.0
1765544444.6865003,90.0
1765544444.7521045,90.0
1765544444.8145595,90.0
1765544444.8715477,90.0
1765544444.9379761,90.0
1765544444.9971879,90.0
1765544445.054559,90.0
1765544445.1116202,90.0
1765544445.176638,90.0
1765544445.2376096,90.0
1765544445.2936833,90.0
1765544445.3618731,90.0
1765544445.4245527,90.0
1765544445.4793692,90.0
1765544445.5436242,90.0
1765544445.6054432,90.0
1765544445.6613584,90.0
1765544445.7264264,90.0
1765544445.7877307,90.0
1765544445.843936,90.0
1765544445.8999515,90.0
1765544445.9670804,90.0
1765544446.0272179,90.0
1765544446.0897563,90.0
1765544446.153656,90.0
1765544446.2148838,90.0
1765544446.2744303,90.0
1765544446.3317618,90.0
1765544446.396984,90.0
1765544446.4709394,90.0
1765544446.531314,90.0
1765544446.5966644,90.0
1765544446.6664245,159.99431304347718
1765544446.7320642,160.00985736867386
1765544446.7994661,160.0093171412936
1765544446.8779888,159.37169233056983
1765544446.9450755,159.28751362237998
1765544447.0101037,159.51013799048837
1765544447.0826318,160.3113345054618
1765544447.1551456,173.02860667857698
1765544447.2196681,172.65337337907943
1765544447.293101,172.95574127260505
1765544447.3565795,173.0006013913667
1765544447.4190295,172.9889930275533
1765544447.4913118,173.28318816432767
1765544447.5590227,173.66758171972134
1765544447.6222782,174.50616061426035
1765544447.6927083,173.93205459331966
1765544447.7619658,173.24696396344146
1765544447.824969,173.24696396344146
1765544447.8963778,173.21484165202781
1765544447.9657474,173.23176243284053
1765544448.0298188,173.28218024445746
1765544448.0943363,173.25330231642465
1765544448.1664107,173.32875806500755
1765544448.2310138,173.34204836867502
1765544448.2946424,173.30321188361484
1765544448.3593748,173.27116855246092
1765544448.4306498,173.38791866302384
1765544448.4986868,173.37274819528568
1765544448.562422,173.26840010361576
1765544448.6336725,173.3136963184162
1765544448.7009795,173.25330231642465
1765544448.7599041,173.28351733630797
1765544448.8323667,173.277197423817
1765544448.8982165,173.29658080460905
1765544448.9619403,173.26000137198076
1765544449.0326781,173.24696396344146
1765544449.1039572,173.24025442772012
1765544449.164703,173.27291344006866
1765544449.2377212,173.28174878322193
1765544449.305491,173.2098710773791
1765544449.369855,173.27116855246092
1765544449.4405801,173.27120730036387
1765544449.5074637,173.31823492606983
1765544449.5707743,173.26174270350705
1765544449.6432097,173.26658864310318
1765544449.7113004,173.2515604137903
1765544449.7720797,173.28526084518012
1765544449.8463874,173.27785279203408
1765544449.9131649,173.28180965114797
1765544449.981046,173.23632623287185
1765544450.049363,173.24025442772012
1765544450.1177168,173.26170541060856
1765544450.1820328,173.26451648914184
1765544450.2534182,173.24659711220164
1765544450.321384,173.8763708182318
1765544450.3862023,173.29506645993388
1765544450.4578443,173.29654345766704
1765544450.5270076,173.26488199782315
1765544450.59265,173.27545052288878
1765544450.6590412,173.27548923499995
1765544450.72917,173.29023376505688
1765544450.7939484,173.2409289715721
