1765544422.9278247,-0.06,0.0
1765544422.960499,-0.06,0.0
1765544422.9929695,-0.06,0.0
1765544423.0256448,-0.06,1.0
1765544423.062309,-0.06,2.0
1765544423.0951302,-0.06,3.0
1765544423.127847,-0.06,5.0
1765544423.160753,-0.06,7.0
1765544423.1934428,-0.06,9.0
1765544423.2261512,-0.06,11.0
1765544423.2589877,-0.06,14.0
1765544423.291773,-0.06,17.0
1765544423.3247547,-0.06,19.0
1765544423.3572567,-0.06,22.0
1765544423.3900561,-0.06,25.0
1765544423.4227812,-0.06,28.0
1765544423.4557526,-0.06,31.0
1765544423.492184,-0.06,34.0
1765544423.5251768,-0.06,37.0
1765544423.5577595,-0.06,41.0
1765544423.5907495,-0.06,44.0
1765544423.6238322,-0.06,47.0
1765544423.6563659,-0.06,50.0
1765544423.689095,-0.06,54.0
1765544423.7217264,-0.06,57.0
1765544423.7545195,-0.07,61.0
1765544423.7877996,-0.07,64.0
1765544423.8200982,-0.07,67.0
1765544423.8529694,-0.07,71.0
1765544423.885945,-0.07,74.0
1765544423.9224799,-0.07,78.0
1765544423.955197,-0.07,81.0
1765544423.988085,-0.07,85.0
1765544424.0210166,-0.07,89.0
1765544424.0539193,-0.07,92.0
1765544424.0862975,-0.07,96.0
1765544424.1195016,-0.07,100.0
1765544424.1520817,-0.07,103.0
1765544424.1846435,-0.07,107.0
1765544424.2176232,-0.07,111.0
1765544424.2501514,-0.07,115.0
1765544424.2829351,-0.07,118.0
1765544424.3194153,-0.07,122.0
1765544424.3525553,-0.07,126.0
1765544424.3857849,-0.07,130.0
1765544424.4180303,-0.07,133.0
1765544424.451009,-0.07,137.0
1765544424.4836495,-0.07,141.0
1765544424.5166276,-0.08,144.0
1765544424.5492384,-0.08,148.0
1765544424.5818436,-0.08,152.0
1765544424.6147943,-0.08,156.0
1765544424.6477585,-0.08,159.0
1765544424.6803794,-0.08,163.0
1765544424.7133493,-0.08,167.0
1765544424.7457826,-0.08,171.0
1765544424.7823887,-0.08,174.0
1765544424.815274,-0.08,177.0
1765544424.8480506,-0.08,181.0
1765544424.8809571,-0.08,184.0
1765544424.913752,-0.08,187.0
1765544424.946489,-0.09,191.0
1765544424.9792671,-0.09,194.0
1765544425.0120027,-0.09,197.0
1765544425.044696,-0.09,201.0
1765544425.0777187,-0.09,204.0
1765544425.1103475,-0.09,207.0
1765544425.1443958,-0.09,210.0
1765544425.1758933,-0.09,213.0
1765544425.2127428,-0.1,217.0
1765544425.2452438,-0.1,220.0
1765544425.2783034,-0.1,223.0
1765544425.3110564,-0.1,227.0
1765544425.3438933,-0.1,230.0
1765544425.3766317,-0.1,233.0
1765544425.4096017,-0.1,236.0
1765544425.4420981,-0.1,239.0
1765544425.474998,-0.1,242.0
1765544425.5076346,-0.1,245.0
1765544425.5405731,-0.1,248.0
1765544425.5731704,-0.1,251.0
1765544425.6059675,-0.1,254.0
1765544425.6425707,-0.11,257.0
1765544425.6754527,-0.11,260.0
1765544425.7082052,-0.11,262.0
1765544425.7411408,-0.11,265.0
1765544425.7739325,-0.11,268.0
1765544425.806778,-0.11,270.0
1765544425.8394432,-0.11,273.0
1765544425.8724396,-0.12,275.0
1765544425.9049325,-0.12,277.0
1765544425.93765,-0.12,280.0
1765544425.9704692,-0.12,282.0
1765544426.0033402,-0.12,284.0
1765544426.036022,-0.13,286.0
1765544426.0728633,-0.13,288.0
1765544426.1053567,-0.13,291.0
1765544426.1383245,-0.13,293.0
1765544426.1711755,-0.13,295.0
1765544426.2039666,-0.14,297.0
1765544426.2367723,-0.14,299.0
1765544426.2695355,-0.14,301.0
1765544426.302413,-0.14,303.0
1765544426.3349898,-0.14,305.0
1765544426.3677742,-0.14,308.0
1765544426.4005291,-0.15,310.0
1765544426.4335346,-0.15,312.0
1765544426.4659865,-0.15,314.0
1765544426.499061,-0.15,316.0
1765544426.5354693,-0.15,318.0
1765544426.5686224,-0.15,320.0
1765544426.6010585,-0.16,323.0
1765544426.6341515,-0.16,325.0
1765544426.6669295,-0.16,327.0
1765544426.69977,-0.16,329.0
1765544426.7323785,-0.16,331.0
1765544426.765194,-0.17,333.0
1765544426.7978263,-0.17,335.0
1765544426.8306196,-0.17,337.0
1765544426.8633993,-0.17,339.0
1765544426.8961806,-0.17,341.0
1765544426.9289215,-0.18,344.0
1765544426.9655585,-0.18,346.0
1765544426.9982927,-0.18,349.0
1765544427.031106,-0.18,351.0
1765544427.064118,-0.18,354.0
1765544427.0967767,-0.19,356.0
1765544427.1297839,-0.19,358.0
1765544427.1624064,-0.19,361.0
1765544427.1952114,-0.19,363.0
1765544427.2278738,-0.19,365.0
1765544427.2607408,-0.19,367.0
1765544427.2934058,-0.2,370.0
1765544427.3261771,-0.2,372.0
1765544427.3589618,-0.2,374.0
1765544427.3917847,-0.2,377.0
1765544427.4283528,-0.21,379.0
1765544427.4614947,-0.21,382.0
1765544427.4940252,-0.21,384.0
1765544427.5267842,-0.21,387.0
1765544427.559677,-0.21,390.0
1765544427.592454,-0.21,393.0
1765544427.6252751,-0.21,395.0
1765544427.6579921,-0.21,398.0
1765544427.6906714,-0.21,401.0
1765544427.723707,-0.21,404.0
1765544427.756517,-0.21,407.0
1765544427.78903,-0.21,411.0
1765544427.8218555,-0.21,414.0
1765544427.8586245,-0.21,417.0
1765544427.8914704,-0.21,420.0
1765544427.9241295,-0.21,423.0
1765544427.956951,-0.2,426.0
1765544427.9899125,-0.2,430.0
1765544428.0225065,-0.2,433.0
1765544428.0554955,-0.2,435.0
1765544428.0880437,-0.2,437.0
1765544428.1210613,-0.2,439.0
1765544428.153604,-0.2,440.0
1765544428.186364,-0.2,441.0
1765544428.2191327,-0.2,442.0
1765544428.2519085,-0.2,443.0
1765544428.2884958,-0.2,444.0
1765544428.3213935,-0.2,445.0
1765544428.354261,-0.2,447.0
1765544428.3874218,-0.2,448.0
1765544428.4200602,-0.2,449.0
1765544428.4530685,-0.2,450.0
1765544428.4855564,-0.2,451.0
1765544428.5180824,-0.2,453.0
1765544428.5510926,-0.2,454.0
1765544428.584159,-0.2,456.0
1765544428.6171002,-0.2,457.0
1765544428.6495838,-0.2,459.0
1765544428.6822371,-0.2,460.0
1765544428.7150133,-0.2,461.0
1765544428.751466,-0.2,463.0
1765544428.7845192,-0.2,464.0
1765544428.8172019,-0.2,465.0
1765544428.850167,-0.2,466.0
1765544428.8829563,-0.2,467.0
1765544428.9157002,-0.2,469.0
1765544428.9484298,-0.2,470.0
1765544428.9811387,-0.2,471.0
1765544429.0139313,-0.19,473.0
1765544429.0466475,-0.19,475.0
1765544429.079409,-0.19,477.0
1765544429.1122599,-0.19,479.0
1765544429.1448255,-0.19,481.0
1765544429.1814628,-0.19,483.0
1765544429.2143102,-0.19,485.0
1765544429.2472272,-0.19,487.0
1765544429.28015,-0.19,489.0
1765544429.3129861,-0.19,491.0
1765544429.3456779,-0.19,493.0
1765544429.3783143,-0.19,495.0
1765544429.4115076,-0.18,497.0
1765544429.4440033,-0.18,500.0
1765544429.4772475,-0.18,502.0
1765544429.5098372,-0.18,505.0
1765544429.542995,-0.18,507.0
1765544429.5748196,-0.18,511.0
1765544429.611738,-0.17,514.0
1765544429.644238,-0.17,517.0
1765544429.6772926,-0.16,520.0
1765544429.7102559,-0.16,523.0
1765544429.7430665,-0.15,527.0
1765544429.776041,-0.15,529.0
1765544429.8085716,-0.15,532.0
1765544429.8413908,-0.14,535.0
1765544429.8742316,-0.14,538.0
1765544429.9068778,-0.14,541.0
1765544429.9396431,-0.14,544.0
1765544429.972429,-0.13,547.0
1765544430.0051873,-0.13,549.0
1765544430.038178,-0.13,553.0
1765544430.0745463,-0.12,556.0
1765544430.1072624,-0.12,559.0
1765544430.1403737,-0.12,562.0
1765544430.1730802,-0.12,565.0
1765544430.205875,-0.11,568.0
1765544430.2385776,-0.1,570.0
1765544430.2714436,-0.1,573.0
1765544430.3041449,-0.1,575.0
1765544430.336968,-0.09,578.0
1765544430.3696563,-0.09,580.0
1765544430.4025624,-0.08,582.0
1765544430.4352336,-0.08,585.0
1765544430.4717925,-0.09,587.0
1765544430.5046816,-0.09,591.0
1765544430.5374894,-0.09,593.0
1765544430.570349,-0.09,597.0
1765544430.6032064,-0.1,600.0
1765544430.6359165,-0.1,603.0
1765544430.668691,-0.1,606.0
1765544430.7012677,-0.1,609.0
1765544430.7342222,-0.1,612.0
1765544430.7669456,-0.1,615.0
1765544430.7997494,-0.1,618.0
1765544430.8328784,-0.1,621.0
1765544430.8652754,-0.1,624.0
1765544430.9018636,-0.1,627.0
1765544430.934925,-0.1,630.0
1765544430.967505,-0.1,633.0
1765544431.00049,-0.09,635.0
1765544431.0332334,-0.09,638.0
1765544431.06594,-0.1,641.0
1765544431.0988698,-0.1,643.0
1765544431.131642,-0.1,646.0
1765544431.1642787,-0.1,649.0
1765544431.1972735,-0.1,652.0
1765544431.229672,-0.1,655.0
1765544431.2626486,-0.1,658.0
1765544431.2955008,-0.1,661.0
1765544431.3281324,-0.1,664.0
1765544431.3648093,-0.1,667.0
1765544431.3975232,-0.1,669.0
1765544431.430436,-0.1,671.0
1765544431.4631681,-0.1,672.0
1765544431.4960983,-0.1,673.0
1765544431.5288606,-0.1,674.0
1765544431.56152,-0.1,675.0
1765544431.5944126,-0.1,676.0
1765544431.6272166,-0.1,677.0
1765544431.6601684,-0.1,677.0
1765544431.6927457,-0.1,677.0
1765544431.7255173,-0.1,677.0
1765544431.7578907,-0.1,677.0
1765544431.7948058,-0.1,678.0
1765544431.82762,-0.1,678.0
1765544431.860405,-0.1,678.0
1765544431.8936474,-0.1,679.0
1765544431.9261107,-0.1,679.0
1765544431.95901,-0.1,679.0
1765544431.9919071,-0.1,679.0
1765544432.0241992,-0.1,679.0
1765544432.0575988,-0.1,679.0
1765544432.0898757,-0.1,679.0
1765544432.122745,-0.1,679.0
1765544432.1553783,-0.1,679.0
1765544432.188255,-0.1,679.0
1765544432.224579,-0.1,679.0
1765544432.257754,-0.1,679.0
1765544432.290474,-0.1,679.0
1765544432.3236983,-0.1,679.0
1765544432.356081,-0.1,679.0
1765544432.389366,-0.1,679.0
1765544432.4216702,-0.1,679.0
1765544432.454518,-0.1,679.0
1765544432.4884,-0.1,679.0
1765544432.5199149,-0.1,679.0
1765544432.5530002,-0.1,679.0
1765544432.5860906,-0.1,679.0
1765544432.6182911,-0.1,679.0
1765544432.6550047,-0.1,679.0
1765544432.687736,-0.1,679.0
1765544432.7207465,-0.1,679.0
1765544432.7535994,-0.1,679.0
1765544432.786415,-0.1,679.0
1765544432.8190362,-0.1,679.0
1765544432.8518772,-0.1,679.0
1765544432.8846257,-0.1,679.0
1765544432.9171124,-0.1,679.0
1765544432.9502285,-0.1,679.0
1765544432.9826849,-0.1,679.0
1765544433.0156715,-0.1,679.0
1765544433.0486484,-0.1,679.0
1765544433.084902,-0.1,679.0
1765544433.1177592,-0.1,679.0
1765544433.1511111,-0.1,679.0
1765544433.183297,-0.1,679.0
1765544433.216389,-0.1,679.0
1765544433.2490654,-0.1,679.0
1765544433.2819169,-0.1,679.0
1765544433.314383,-0.1,679.0
1765544433.347336,-0.1,679.0
1765544433.3802025,-0.1,679.0
1765544433.4134245,-0.1,679.0
1765544433.4455926,-0.1,679.0
1765544433.4824762,-0.1,679.0
1765544433.515021,-0.1,679.0
1765544433.5479217,-0.1,679.0
1765544433.581308,-0.1,679.0
1765544433.6137376,-0.1,679.0
1765544433.6463,-0.1,679.0
1765544433.6792197,-0.1,679.0
1765544433.711679,-0.1,679.0
1765544433.7447793,-0.1,679.0
1765544433.777435,-0.1,679.0
1765544433.810537,-0.1,679.0
1765544433.8428001,-0.1,679.0
1765544433.8758397,-0.1,679.0
1765544433.9123728,-0.1,679.0
1765544433.9458387,-0.1,679.0
1765544433.977797,-0.1,679.0
1765544434.0109518,-0.1,679.0
1765544434.0434446,-0.1,679.0
1765544434.0763962,-0.1,679.0
1765544434.1090875,-0.1,679.0
1765544434.1422932,-0.1,679.0
1765544434.1747923,-0.1,679.0
1765544434.207683,-0.1,679.0
1765544434.2403765,-0.1,679.0
1765544434.2731438,-0.1,679.0
1765544434.3058429,-0.1,679.0
1765544434.342596,-0.1,679.0
1765544434.3751922,-0.1,679.0
1765544434.4082682,-0.1,679.0
1765544434.4410348,-0.1,679.0
1765544434.4737208,-0.1,679.0
1765544434.5065458,-0.1,679.0
1765544434.5391607,-0.1,679.0
1765544434.5724242,-0.1,679.0
1765544434.6051438,-0.1,679.0
1765544434.637627,-0.1,679.0
1765544434.6704826,-0.1,679.0
1765544434.703151,-0.1,679.0
1765544434.7394366,-0.1,679.0
1765544434.7722785,-0.1,679.0
1765544434.8054147,-0.1,679.0
1765544434.8381693,-0.1,679.0
1765544434.871207,-0.1,679.0
1765544434.9039054,-0.1,679.0
1765544434.9368818,-0.1,679.0
1765544434.9694235,-0.1,679.0
1765544435.0021064,-0.1,679.0
1765544435.0348585,-0.1,679.0
1765544435.0677123,-0.1,679.0
1765544435.100958,-0.1,679.0
1765544435.1333072,-0.1,679.0
1765544435.1660757,-0.1,679.0
1765544435.2024992,-0.1,679.0
1765544435.2354996,-0.1,679.0
1765544435.2683587,-0.1,679.0
1765544435.3014345,-0.1,679.0
1765544435.33399,-0.1,679.0
1765544435.3667078,-0.1,679.0
1765544435.3992865,-0.1,679.0
1765544435.4324052,-0.1,679.0
1765544435.4650779,-0.1,679.0
1765544435.4979594,-0.1,679.0
1765544435.530586,-0.1,679.0
1765544435.563263,-0.1,679.0
1765544435.5997934,-0.1,679.0
1765544435.6329498,-0.1,679.0
1765544435.665817,-0.1,679.0
1765544435.6985254,-0.1,679.0
1765544435.7314324,-0.1,679.0
1765544435.7643611,-0.1,679.0
1765544435.7968812,-0.1,679.0
1765544435.8297777,-0.1,679.0
1765544435.8623188,-0.1,679.0
1765544435.8953328,-0.1,679.0
1765544435.927869,-0.1,679.0
1765544435.9605505,-0.1,679.0
1765544435.9935842,-0.1,679.0
1765544436.0298216,-0.1,679.0
1765544436.0628817,-0.1,679.0
1765544436.0954194,-0.1,679.0
1765544436.1285627,-0.1,679.0
1765544436.1610928,-0.1,679.0
1765544436.1940906,-0.1,679.0
1765544436.2265928,-0.1,679.0
1765544436.2596407,-0.1,679.0
1765544436.2924302,-0.1,679.0
1765544436.3252203,-0.1,679.0
1765544436.3581226,-0.1,679.0
1765544436.390695,-0.1,679.0
1765544436.4231637,-0.1,679.0
1765544436.4599977,-0.1,679.0
1765544436.4929209,-0.1,679.0
1765544436.525668,-0.1,679.0
1765544436.5584714,-0.1,679.0
1765544436.5915926,-0.1,679.0
1765544436.6239145,-0.1,679.0
1765544436.6570365,-0.1,679.0
1765544436.6894338,-0.1,679.0
1765544436.7226818,-0.1,679.0
1765544436.7550771,-0.1,679.0
1765544436.787942,-0.1,679.0
1765544436.8206904,-0.1,679.0
1765544436.8536608,-0.1,679.0
1765544436.8899806,-0.1,679.0
1765544436.9230704,-0.1,679.0
1765544436.955746,-0.1,679.0
1765544436.9889076,-0.1,679.0
1765544437.0212357,-0.1,679.0
1765544437.054269,-0.1,679.0
1765544437.0867293,-0.1,679.0
1765544437.1199744,-0.1,679.0
1765544437.1524417,-0.1,679.0
1765544437.1852999,-0.1,679.0
1765544437.2178388,-0.1,679.0
1765544437.2508528,-0.1,679.0
1765544437.2833464,-0.1,679.0
1765544437.3204181,-0.1,679.0
1765544437.3529134,-0.1,679.0
1765544437.3861232,-0.1,679.0
1765544437.4184902,-0.1,679.0
1765544437.4514027,-0.1,679.0
1765544437.4840386,-0.1,679.0
1765544437.516967,-0.1,679.0
1765544437.5496545,-0.1,679.0
1765544437.582735,-0.1,679.0
1765544437.6153028,-0.1,679.0
1765544437.648048,-0.1,679.0
1765544437.6806812,-0.1,679.0
1765544437.7138946,-0.1,679.0
1765544437.7499368,-0.1,679.0
1765544437.7830489,-0.1,679.0
1765544437.815669,-0.1,679.0
1765544437.8490853,-0.1,679.0
1765544437.8813841,-0.1,679.0
1765544437.9145684,-0.1,679.0
1765544437.9471376,-0.1,679.0
1765544437.9798708,-0.1,679.0
1765544438.012705,-0.09,679.0
1765544438.0454915,-0.1,679.0
1765544438.0782115,-0.1,679.0
1765544438.110853,-0.1,679.0
1765544438.1437316,-0.1,679.0
1765544438.1801825,-0.1,679.0
1765544438.2134242,-0.1,679.0
1765544438.2460995,-0.1,679.0
1765544438.2788985,-0.1,679.0
1765544438.3116531,-0.1,679.0
1765544438.3445415,-0.1,679.0
1765544438.377157,-0.1,679.0
1765544438.4102287,-0.09,679.0
1765544438.4427605,-0.09,679.0
1765544438.4757898,-0.09,679.0
1765544438.5083103,-0.09,679.0
1765544438.540756,-0.09,679.0
1765544438.5737162,-0.09,679.0
1765544438.610221,-0.09,679.0
1765544438.6428728,-0.09,679.0
1765544438.6760519,-0.09,679.0
1765544438.7089355,-0.09,679.0
1765544438.7417896,-0.09,679.0
1765544438.7744734,-0.09,679.0
1765544438.8075838,-0.09,679.0
1765544438.8400536,-0.09,679.0
1765544438.872649,-0.09,680.0
1765544438.9055,-0.09,680.0
1765544438.9383028,-0.09,681.0
1765544438.9711401,-0.09,681.0
1765544439.0037243,-0.09,681.0
1765544439.0366883,-0.09,681.0
1765544439.0736933,-0.09,681.0
1765544439.1060293,-0.09,682.0
1765544439.138897,-0.09,682.0
1765544439.1719978,-0.09,682.0
1765544439.2046268,-0.09,682.0
1765544439.2373996,-0.09,682.0
1765544439.2705224,-0.09,682.0
1765544439.3028865,-0.09,682.0
1765544439.335671,-0.09,682.0
1765544439.3684273,-0.09,682.0
1765544439.4009998,-0.09,682.0
1765544439.4339619,-0.09,682.0
1765544439.4666796,-0.09,682.0
1765544439.5031428,-0.09,682.0
1765544439.5361414,-0.09,682.0
1765544439.5688887,-0.1,682.0
1765544439.601831,-0.1,682.0
1765544439.634658,-0.1,682.0
1765544439.6674268,-0.1,682.0
1765544439.7002146,-0.1,682.0
1765544439.7330332,-0.1,682.0
1765544439.7656763,-0.1,682.0
1765544439.798522,-0.1,682.0
1765544439.8310087,-0.1,682.0
1765544439.863919,-0.1,682.0
1765544439.8968296,-0.1,682.0
1765544439.9332154,-0.1,682.0
1765544439.966191,-0.1,682.0
1765544439.998945,-0.1,682.0
1765544440.0323753,-0.1,682.0
1765544440.0648487,-0.1,682.0
1765544440.0978315,-0.1,682.0
1765544440.1303074,-0.1,682.0
1765544440.1632311,-0.1,682.0
1765544440.1955578,-0.1,682.0
1765544440.2289665,-0.1,682.0
1765544440.2611036,-0.1,682.0
1765544440.2941468,-0.1,682.0
1765544440.3268626,-0.1,682.0
1765544440.363472,-0.1,682.0
1765544440.3964062,-0.1,682.0
1765544440.4290783,-0.1,682.0
1765544440.4621627,-0.1,682.0
1765544440.4947948,-0.1,682.0
1765544440.5275507,-0.1,682.0
1765544440.5602765,-0.1,682.0
1765544440.5931883,-0.1,682.0
1765544440.6259785,-0.1,682.0
1765544440.6599076,-0.1,682.0
1765544440.6912196,-0.1,682.0
1765544440.724186,-0.1,682.0
1765544440.7581925,-0.1,682.0
1765544440.7897093,-0.1,682.0
1765544440.8262396,-0.1,682.0
1765544440.858916,-0.1,682.0
1765544440.8919647,-0.1,682.0
1765544440.9248486,-0.1,682.0
1765544440.9578872,-0.1,682.0
1765544440.9903677,-0.1,682.0
1765544441.0233889,-0.1,682.0
1765544441.0560777,-0.1,682.0
1765544441.0887957,-0.1,682.0
1765544441.121751,-0.1,682.0
1765544441.1542356,-0.1,682.0
1765544441.1872125,-0.1,682.0
1765544441.2196605,-0.1,682.0
1765544441.2563803,-0.1,682.0
1765544441.2888298,-0.1,682.0
1765544441.3222332,-0.1,682.0
1765544441.3548374,-0.1,682.0
1765544441.387763,-0.1,682.0
1765544441.4204595,-0.1,682.0
1765544441.4532728,-0.1,682.0
1765544441.486031,-0.1,682.0
1765544441.5190856,-0.1,682.0
1765544441.5515308,-0.1,682.0
1765544441.584366,-0.1,682.0
1765544441.617104,-0.1,682.0
1765544441.6498477,-0.1,682.0
1765544441.68656,-0.1,682.0
1765544441.7190738,-0.1,682.0
1765544441.7520113,-0.1,682.0
1765544441.7848132,-0.1,682.0
1765544441.8176134,-0.1,682.0
1765544441.8505986,-0.1,682.0
1765544441.8833044,-0.1,682.0
1765544441.9161441,-0.1,682.0
1765544441.9491806,-0.1,682.0
1765544441.9815145,-0.1,682.0
1765544442.0147052,-0.1,682.0
1765544442.047155,-0.1,682.0
1765544442.0799024,-0.1,682.0
1765544442.1125228,-0.1,682.0
1765544442.149193,-0.1,682.0
1765544442.1822965,-0.1,682.0
1765544442.2147539,-0.1,682.0
1765544442.2478018,-0.1,682.0
1765544442.2806523,-0.1,682.0
1765544442.3132622,-0.1,682.0
1765544442.346281,-0.1,682.0
1765544442.3792105,-0.1,682.0
1765544442.4116628,-0.1,682.0
1765544442.444417,-0.1,682.0
1765544442.4769728,-0.1,682.0
1765544442.5099564,-0.1,682.0
1765544442.5431128,-0.1,682.0
1765544442.5792775,-0.1,682.0
1765544442.6123428,-0.1,682.0
1765544442.6449816,-0.1,682.0
1765544442.6777337,-0.1,682.0
1765544442.7108943,-0.1,682.0
1765544442.7434084,-0.1,682.0
1765544442.776303,-0.1,682.0
1765544442.809092,-0.1,682.0
1765544442.8418157,-0.1,682.0
1765544442.874353,-0.1,682.0
1765544442.9072778,-0.1,682.0
1765544442.9398363,-0.1,682.0
1765544442.9728925,-0.1,682.0
1765544443.0094938,-0.1,682.0
1765544443.0421925,-0.1,682.0
1765544443.0751247,-0.1,682.0
1765544443.1080034,-0.1,682.0
1765544443.1408193,-0.1,682.0
1765544443.1736925,-0.1,682.0
1765544443.2067258,-0.1,682.0
1765544443.239076,-0.1,682.0
1765544443.2721484,-0.1,682.0
1765544443.304609,-0.09,682.0
1765544443.3375275,-0.09,682.0
1765544443.3699126,-0.09,682.0
1765544443.4029,-0.09,682.0
1765544443.4391315,-0.1,682.0
1765544443.4721985,-0.1,682.0
1765544443.505055,-0.1,682.0
1765544443.5386512,-0.1,682.0
1765544443.5705721,-0.1,682.0
1765544443.60366,-0.1,682.0
1765544443.6362622,-0.1,682.0
1765544443.6692157,-0.1,682.0
1765544443.7018602,-0.1,682.0
1765544443.7346537,-0.1,682.0
1765544443.7676544,-0.1,682.0
1765544443.8001726,-0.1,682.0
1765544443.8332365,-0.1,682.0
1765544443.869382,-0.1,682.0
1765544443.9023898,-0.09,682.0
1765544443.934888,-0.09,682.0
1765544443.9679346,-0.09,682.0
1765544444.0007868,-0.09,682.0
1765544444.0338078,-0.09,682.0
1765544444.066302,-0.09,682.0
1765544444.099201,-0.09,682.0
1765544444.131725,-0.09,682.0
1765544444.1650083,-0.09,682.0
1765544444.197386,-0.09,682.0
1765544444.230379,-0.09,683.0
1765544444.2629366,-0.09,683.0
1765544444.29581,-0.09,683.0
1765544444.3324296,-0.09,683.0
1765544444.3654037,-0.09,683.0
1765544444.3980289,-0.09,684.0
1765544444.4310222,-0.09,684.0
1765544444.4637208,-0.09,684.0
1765544444.4967043,-0.09,684.0
1765544444.529269,-0.09,684.0
1765544444.5621521,-0.09,685.0
1765544444.595064,-0.09,685.0
1765544444.6276221,-0.09,685.0
1765544444.6604114,-0.09,685.0
1765544444.6931763,-0.09,685.0
1765544444.725891,-0.09,685.0
1765544444.762644,-0.09,685.0
1765544444.795267,-0.09,685.0
1765544444.8284726,-0.09,685.0
1765544444.861179,-0.09,685.0
1765544444.894312,-0.09,685.0
1765544444.9265547,-0.09,685.0
1765544444.959178,-0.09,685.0
1765544444.9918728,-0.09,685.0
1765544445.0250142,-0.09,685.0
1765544445.0576954,-0.09,685.0
1765544445.0904386,-0.09,685.0
1765544445.1232622,-0.09,685.0
1765544445.1596122,-0.09,686.0
1765544445.1925538,-0.09,686.0
1765544445.2253711,-0.09,686.0
1765544445.2583702,-0.09,686.0
1765544445.291056,-0.09,686.0
1765544445.3238852,-0.09,686.0
1765544445.3569121,-0.09,686.0
1765544445.3894355,-0.09,686.0
1765544445.4221475,-0.09,686.0
1765544445.454982,-0.09,686.0
1765544445.4874458,-0.09,686.0
1765544445.5205483,-0.09,686.0
1765544445.5531635,-0.09,686.0
1765544445.5896873,-0.09,686.0
1765544445.6225653,-0.09,686.0
1765544445.6569157,-0.09,686.0
1765544445.6883786,-0.09,686.0
1765544445.721184,-0.09,686.0
1765544445.7539265,-0.09,686.0
1765544445.7869546,-0.09,686.0
1765544445.8195376,-0.09,686.0
1765544445.852406,-0.09,686.0
1765544445.8850641,-0.09,686.0
1765544445.9181693,-0.09,686.0
1765544445.950603,-0.09,686.0
1765544445.9833825,-0.09,686.0
1765544446.0197992,-0.09,686.0
1765544446.0530562,-0.09,686.0
1765544446.085554,-0.09,686.0
1765544446.1185012,-0.09,686.0
1765544446.15101,-0.09,686.0
1765544446.1841397,-0.09,686.0
1765544446.2165878,-0.09,686.0
1765544446.2496023,-0.09,686.0
1765544446.2823706,-0.09,686.0
1765544446.3150997,-0.09,686.0
1765544446.3476698,-0.09,686.0
1765544446.3806293,-0.09,686.0
1765544446.413488,-0.09,686.0
1765544446.4499621,-0.09,686.0
1765544446.48278,-0.09,686.0
1765544446.5156956,-0.09,686.0
1765544446.548625,-0.09,686.0
1765544446.5816007,-0.09,686.0
1765544446.6141813,-0.09,686.0
1765544446.6468391,-0.09,686.0
1765544446.6796503,-0.09,686.0
1765544446.7124212,-0.09,686.0
1765544446.7453392,-0.09,686.0
1765544446.7778873,-0.09,686.0
1765544446.810941,-0.09,686.0
1765544446.8436103,-0.09,686.0
1765544446.87974,-0.09,686.0
1765544446.9128575,-0.09,686.0
1765544446.9455307,-0.09,686.0
1765544446.9788644,-0.09,686.0
1765544447.0113318,-0.09,686.0
1765544447.0440292,-0.09,686.0
1765544447.0769424,-0.09,686.0
1765544447.1096387,-0.09,686.0
1765544447.1425183,-0.09,686.0
1765544447.1752148,-0.09,686.0
1765544447.2078998,-0.09,686.0
1765544447.2406514,-0.09,686.0
1765544447.2735648,-0.09,686.0
1765544447.310064,-0.09,686.0
1765544447.343062,-0.09,686.0
1765544447.3757288,-0.09,686.0
1765544447.4086344,-0.09,686.0
1765544447.441424,-0.09,686.0
1765544447.474331,-0.09,686.0
1765544447.5070114,-0.09,686.0
1765544447.5397723,-0.09,686.0
1765544447.573139,-0.09,686.0
1765544447.6053329,-0.09,686.0
1765544447.6380758,-0.09,686.0
1765544447.6708162,-0.09,686.0
1765544447.7035997,-0.09,686.0
1765544447.7364419,-0.09,686.0
1765544447.7731082,-0.09,686.0
1765544447.8057423,-0.09,686.0
1765544447.838655,-0.09,686.0
1765544447.8715816,-0.09,686.0
1765544447.9045138,-0.09,686.0
1765544447.937262,-0.09,686.0
1765544447.969576,-0.09,686.0
1765544448.0027795,-0.09,686.0
1765544448.0352943,-0.09,686.0
1765544448.0684953,-0.09,686.0
1765544448.1009014,-0.09,686.0
1765544448.133717,-0.09,686.0
1765544448.1701002,-0.09,686.0
1765544448.2030566,-0.09,686.0
1765544448.235723,-0.09,686.0
1765544448.268724,-0.09,686.0
1765544448.301603,-0.09,686.0
1765544448.3343554,-0.09,686.0
1765544448.3671477,-0.09,686.0
1765544448.3998532,-0.09,686.0
1765544448.432669,-0.09,686.0
1765544448.4654717,-0.09,686.0
1765544448.498244,-0.09,686.0
1765544448.530991,-0.09,686.0
1765544448.5639312,-0.09,686.0
1765544448.6003006,-0.09,686.0
1765544448.6334457,-0.09,686.0
1765544448.666305,-0.09,686.0
1765544448.6989343,-0.09,686.0
1765544448.7317193,-0.09,686.0
1765544448.7645457,-0.09,686.0
1765544448.7972636,-0.09,686.0
1765544448.830182,-0.09,686.0
1765544448.8631926,-0.09,686.0
1765544448.8954942,-0.09,686.0
1765544448.9281812,-0.09,686.0
1765544448.9610355,-0.09,686.0
1765544448.9940686,-0.09,686.0
1765544449.0303938,-0.09,686.0
1765544449.0633085,-0.09,686.0
1765544449.0960934,-0.09,686.0
1765544449.1290507,-0.09,686.0
1765544449.161792,-0.09,686.0
1765544449.1945264,-0.09,686.0
1765544449.2272384,-0.09,686.0
1765544449.2600484,-0.09,686.0
1765544449.2928216,-0.09,686.0
1765544449.3255951,-0.09,686.0
1765544449.3583133,-0.09,686.0
1765544449.3911061,-0.09,686.0
1765544449.4236484,-0.09,686.0
1765544449.4604783,-0.09,686.0
1765544449.49407,-0.09,686.0
1765544449.5264974,-0.09,686.0
1765544449.5589738,-0.09,686.0
1765544449.5918212,-0.09,686.0
1765544449.6247337,-0.09,686.0
1765544449.6574242,-0.09,686.0
1765544449.6901171,-0.09,686.0
1765544449.7231278,-0.09,686.0
1765544449.7555861,-0.09,686.0
1765544449.7884865,-0.09,686.0
1765544449.8211665,-0.09,686.0
1765544449.8540142,-0.09,686.0
1765544449.8904808,-0.09,686.0
1765544449.9234414,-0.09,686.0
1765544449.9562154,-0.09,686.0
1765544449.9892125,-0.09,686.0
1765544450.0218856,-0.09,686.0
1765544450.0546584,-0.09,686.0
1765544450.087433,-0.09,686.0
1765544450.1203735,-0.09,686.0
1765544450.1529999,-0.09,686.0
1765544450.1857648,-0.09,686.0
1765544450.2188165,-0.09,686.0
1765544450.251367,-0.09,686.0
1765544450.284099,-0.09,686.0
1765544450.320835,-0.09,686.0
1765544450.353531,-0.09,686.0
1765544450.3865685,-0.09,686.0
1765544450.4192672,-0.09,686.0
1765544450.4518774,-0.09,686.0
1765544450.4846025,-0.09,686.0
1765544450.5174518,-0.09,686.0
1765544450.5500731,-0.09,686.0
1765544450.5830085,-0.09,686.0
1765544450.615818,-0.09,686.0
1765544450.6488712,-0.09,686.0
1765544450.6814241,-0.09,686.0
1765544450.7143905,-0.09,686.0
1765544450.7510035,-0.09,686.0
1765544450.783546,-0.09,686.0
1765544450.8164105,-0.09,686.0
