1765718476.2258782,-0.01,0.0
1765718476.256528,-0.01,0.0
1765718476.289172,-0.02,0.0
1765718476.3221476,-0.16,1.0
1765718476.3547456,-0.15,2.0
1765718476.3874924,-0.15,4.0
1765718476.424225,-0.17,6.0
1765718476.4568965,-0.2,8.0
1765718476.489795,-0.18,10.0
1765718476.5225668,-0.12,12.0
1765718476.5553389,-0.06,15.0
1765718476.5880864,-0.05,18.0
1765718476.6208274,-0.05,20.0
1765718476.6535685,-0.02,23.0
1765718476.6864204,0.01,26.0
1765718476.7230885,0.03,29.0
1765718476.756034,0.08,32.0
1765718476.7887087,0.09,35.0
1765718476.821525,0.14,38.0
1765718476.8542387,0.2,41.0
1765718476.8870146,0.17,44.0
1765718476.9197488,0.12,48.0
1765718476.9525099,0.1,51.0
1765718476.9852824,0.17,54.0
1765718477.0181515,0.29,58.0
1765718477.0548642,0.35,62.0
1765718477.0876844,0.44,65.0
1765718477.1204555,0.48,68.0
1765718477.1532166,0.45,72.0
1765718477.1859996,0.47,76.0
1765718477.2187564,0.43,79.0
1765718477.2514899,0.42,83.0
1765718477.2842662,0.44,86.0
1765718477.3209674,0.46,90.0
1765718477.3537943,0.53,94.0
1765718477.3866632,0.59,98.0
1765718477.4194171,0.63,102.0
1765718477.452209,0.56,106.0
1765718477.4849908,0.46,110.0
1765718477.5177288,0.51,114.0
1765718477.5504668,0.63,118.0
1765718477.58324,0.72,122.0
1765718477.6198616,0.71,126.0
1765718477.653019,0.76,130.0
1765718477.685634,0.88,133.0
1765718477.7184727,0.96,137.0
1765718477.7511787,0.99,141.0
1765718477.7839527,0.86,145.0
1765718477.8168442,0.74,149.0
1765718477.8494442,0.72,153.0
1765718477.882153,0.93,157.0
1765718477.9188762,1.11,161.0
1765718477.9517655,1.24,165.0
1765718477.9846036,1.34,169.0
1765718478.0174577,1.33,173.0
1765718478.0500991,1.32,177.0
1765718478.0829394,1.32,181.0
1765718478.115621,1.4,185.0
1765718478.148414,1.54,189.0
1765718478.1811638,1.71,193.0
1765718478.2139082,1.83,196.0
1765718478.2506785,1.94,200.0
1765718478.2835276,2.04,204.0
1765718478.3162928,2.06,208.0
1765718478.349162,2.11,212.0
1765718478.381822,2.29,216.0
1765718478.4146192,2.47,220.0
1765718478.4473739,2.56,224.0
1765718478.4801319,2.6,228.0
1765718478.5168054,2.69,232.0
1765718478.5498009,2.8,236.0
1765718478.5824735,2.9,239.0
1765718478.6156206,2.98,243.0
1765718478.6480377,3.04,247.0
1765718478.6810186,3.0,250.0
1765718478.7137876,3.01,254.0
1765718478.7463949,3.15,258.0
1765718478.7831268,3.33,262.0
1765718478.8158758,3.53,265.0
1765718478.8487484,3.67,269.0
1765718478.8818345,3.69,272.0
1765718478.91424,3.69,276.0
1765718478.9470937,3.67,279.0
1765718478.9798524,3.77,283.0
1765718479.0127428,3.88,286.0
1765718479.0456245,3.98,290.0
1765718479.0823436,4.09,294.0
1765718479.1148303,4.22,297.0
1765718479.1478379,4.3,300.0
1765718479.1804557,4.31,304.0
1765718479.2133415,4.3,308.0
1765718479.2460203,4.4,311.0
1765718479.2788978,4.6,315.0
1765718479.3115804,4.73,318.0
1765718479.3481636,4.75,322.0
1765718479.3810444,4.74,325.0
1765718479.4138296,4.82,328.0
1765718479.446871,4.97,332.0
1765718479.4794922,5.08,335.0
1765718479.5123308,5.14,339.0
1765718479.545089,5.2,342.0
1765718479.5777,5.21,345.0
1765718479.610825,5.16,349.0
1765718479.64724,5.11,352.0
1765718479.6802132,5.19,356.0
1765718479.7131994,5.33,359.0
1765718479.7459803,5.49,362.0
1765718479.7785995,5.61,366.0
1765718479.8113508,5.6,369.0
1765718479.844109,5.53,372.0
1765718479.8768861,5.5,376.0
1765718479.909746,5.46,379.0
1765718479.9424067,5.47,382.0
1765718479.9788098,5.5,386.0
1765718480.0117955,5.53,389.0
1765718480.0445518,5.56,392.0
1765718480.077557,5.59,396.0
1765718480.1104414,5.59,399.0
1765718480.1432254,5.52,402.0
1765718480.1758451,5.43,406.0
1765718480.2085853,5.35,409.0
1765718480.245267,5.33,413.0
1765718480.278173,5.36,416.0
1765718480.3107927,5.33,420.0
1765718480.343591,5.25,423.0
1765718480.3762877,5.11,426.0
1765718480.409162,5.01,430.0
1765718480.4418406,4.92,433.0
1765718480.4746096,4.82,436.0
1765718480.5113413,4.7,439.0
1765718480.5442286,4.5,442.0
1765718480.5769598,4.28,446.0
1765718480.6097267,4.01,449.0
1765718480.6424732,3.79,452.0
1765718480.6752617,3.72,456.0
1765718480.7082243,3.58,459.0
1765718480.7409315,3.33,462.0
1765718480.7776494,3.17,466.0
1765718480.8105397,2.91,469.0
1765718480.843263,2.53,472.0
1765718480.8759286,2.14,475.0
1765718480.9088335,1.7,478.0
1765718480.941439,1.2,481.0
1765718480.9742591,0.64,484.0
1765718481.0069869,0.13,488.0
1765718481.0436723,-0.32,491.0
1765718481.0766037,-0.76,494.0
1765718481.1094067,-1.29,497.0
1765718481.1421456,-1.87,500.0
1765718481.174935,-2.46,503.0
1765718481.2077851,-3.16,506.0
1765718481.2407272,-3.81,509.0
1765718481.2734275,-4.44,512.0
1765718481.3102345,-5.09,515.0
1765718481.3428583,-5.83,518.0
1765718481.3758056,-6.49,520.0
1765718481.408628,-7.21,523.0
1765718481.4412746,-7.93,526.0
1765718481.4742217,-8.62,528.0
1765718481.5068936,-9.37,531.0
1765718481.53977,-10.17,534.0
1765718481.572519,-10.93,536.0
1765718481.6087584,-11.68,539.0
1765718481.6417675,-12.4,542.0
1765718481.674635,-13.05,544.0
1765718481.7074287,-13.65,547.0
1765718481.7403002,-14.18,550.0
1765718481.7730732,-14.73,552.0
1765718481.8060837,-15.29,555.0
1765718481.8387895,-15.88,557.0
1765718481.8750734,-16.51,560.0
1765718481.908237,-17.14,562.0
1765718481.9409122,-17.84,565.0
1765718481.973773,-18.6,568.0
1765718482.0064676,-19.36,570.0
1765718482.0390942,-20.07,573.0
1765718482.071813,-20.76,575.0
1765718482.1050022,-21.46,578.0
1765718482.1416728,-22.18,581.0
1765718482.174405,-22.92,584.0
1765718482.2069762,-23.58,586.0
1765718482.2399278,-24.28,589.0
1765718482.2727125,-24.94,592.0
1765718482.305469,-25.55,595.0
1765718482.3380485,-26.19,598.0
1765718482.3709438,-26.83,600.0
1765718482.4073458,-27.46,603.0
1765718482.4409382,-28.18,606.0
1765718482.4735525,-28.95,609.0
1765718482.506307,-29.68,612.0
1765718482.5389507,-30.46,615.0
1765718482.5716953,-31.24,618.0
1765718482.6044686,-31.98,621.0
1765718482.6369917,-32.79,624.0
1765718482.6699905,-33.65,627.0
1765718482.7067845,-34.48,630.0
1765718482.7395864,-35.37,633.0
1765718482.7726057,-36.2,636.0
1765718482.804897,-36.96,640.0
1765718482.837903,-37.66,642.0
1765718482.8707235,-38.32,646.0
1765718482.9034593,-39.03,649.0
1765718482.9359832,-39.78,652.0
1765718482.9689724,-40.54,654.0
1765718483.0057926,-41.28,658.0
1765718483.0384305,-42.07,661.0
1765718483.071183,-42.88,664.0
1765718483.1039567,-43.7,667.0
1765718483.1368499,-44.52,670.0
1765718483.1694825,-45.35,673.0
1765718483.2025518,-46.19,676.0
1765718483.2351668,-46.99,679.0
1765718483.2679532,-47.79,682.0
1765718483.304375,-48.5,686.0
1765718483.3375597,-49.15,689.0
1765718483.3700619,-49.84,692.0
1765718483.4032223,-50.53,695.0
1765718483.4359634,-51.38,698.0
1765718483.4686058,-52.22,702.0
1765718483.501358,-52.96,705.0
1765718483.534263,-53.64,708.0
1765718483.5704734,-54.26,712.0
1765718483.6036844,-54.93,715.0
1765718483.6363072,-55.79,718.0
1765718483.6691198,-56.7,722.0
1765718483.7018898,-57.64,725.0
1765718483.7346637,-58.48,728.0
1765718483.7673972,-59.18,732.0
1765718483.8005846,-59.84,735.0
1765718483.8331993,-60.5,738.0
1765718483.869505,-61.11,742.0
1765718483.9022799,-61.73,746.0
1765718483.9355505,-62.32,749.0
1765718483.9683595,-62.81,753.0
1765718484.0007856,-63.31,756.0
1765718484.0337403,-63.62,760.0
1765718484.0666456,-63.78,764.0
1765718484.0990698,-63.92,767.0
1765718484.131784,-64.2,771.0
1765718484.1649516,-64.4,775.0
1765718484.2017012,-64.68,778.0
1765718484.2346506,-64.94,782.0
1765718484.2673764,-65.17,786.0
1765718484.2999082,-65.35,790.0
1765718484.3324687,-65.47,794.0
1765718484.365184,-65.62,798.0
1765718484.398129,-65.82,802.0
1765718484.4310064,-66.0,806.0
1765718484.4635592,-66.08,810.0
1765718484.50024,-66.23,814.0
1765718484.532992,-66.48,818.0
1765718484.5658185,-66.71,822.0
1765718484.598602,-66.86,826.0
1765718484.6314743,-66.94,830.0
1765718484.6642196,-66.94,834.0
1765718484.6968691,-66.99,838.0
1765718484.729723,-67.2,842.0
1765718484.7624767,-67.39,846.0
1765718484.7991104,-67.55,850.0
1765718484.8319752,-67.77,854.0
1765718484.8648217,-68.04,858.0
1765718484.8977106,-68.24,862.0
1765718484.9304395,-68.42,866.0
1765718484.9631917,-68.63,869.0
1765718484.9961326,-68.84,873.0
1765718485.0288174,-69.08,877.0
1765718485.0614827,-69.34,880.0
1765718485.094208,-69.61,884.0
1765718485.1308446,-69.83,888.0
1765718485.163709,-70.01,892.0
1765718485.1965249,-70.21,896.0
1765718485.2295082,-70.47,900.0
1765718485.262143,-70.77,903.0
1765718485.294885,-71.05,907.0
1765718485.3278596,-71.23,911.0
1765718485.3605344,-71.36,915.0
1765718485.3932774,-71.56,918.0
1765718485.430324,-71.77,922.0
1765718485.462879,-72.05,926.0
1765718485.4956975,-72.34,929.0
1765718485.5285356,-72.61,932.0
1765718485.5615866,-72.83,936.0
1765718485.5941968,-73.13,940.0
1765718485.6266742,-73.42,943.0
1765718485.6593857,-73.61,946.0
1765718485.6923282,-73.84,950.0
1765718485.7251015,-74.1,954.0
1765718485.7614968,-74.34,957.0
1765718485.7944312,-74.53,960.0
1765718485.8273795,-74.7,964.0
1765718485.86007,-74.87,967.0
1765718485.8930078,-75.05,971.0
1765718485.9257653,-75.24,974.0
1765718485.9585445,-75.42,978.0
1765718485.9911084,-75.61,981.0
1765718486.0238552,-75.86,984.0
1765718486.060373,-76.06,988.0
1765718486.0932777,-76.24,991.0
1765718486.12633,-76.44,994.0
1765718486.1590097,-76.68,998.0
1765718486.1917982,-76.9,1001.0
1765718486.2246952,-77.13,1005.0
1765718486.2575285,-77.35,1008.0
1765718486.2902067,-77.49,1012.0
1765718486.3229907,-77.66,1015.0
1765718486.3595371,-77.88,1019.0
1765718486.3924813,-78.09,1022.0
1765718486.4253464,-78.3,1026.0
1765718486.4579813,-78.56,1029.0
1765718486.4910648,-78.8,1032.0
1765718486.523543,-79.05,1036.0
1765718486.5564477,-79.33,1039.0
1765718486.58922,-79.57,1043.0
1765718486.6222236,-79.77,1046.0
1765718486.6550457,-80.0,1050.0
1765718486.691315,-80.27,1053.0
1765718486.7240973,-80.52,1056.0
1765718486.7570086,-80.68,1060.0
1765718486.7899122,-80.83,1064.0
1765718486.8229053,-80.98,1067.0
1765718486.855778,-81.2,1070.0
1765718486.8880587,-81.42,1074.0
1765718486.9207969,-81.63,1077.0
1765718486.953548,-81.84,1080.0
1765718486.9900196,-82.07,1084.0
1765718487.0234423,-82.27,1087.0
1765718487.0561473,-82.45,1091.0
1765718487.088764,-82.62,1094.0
1765718487.1215875,-82.87,1098.0
1765718487.1546466,-83.06,1101.0
1765718487.1873758,-83.3,1104.0
1765718487.2199929,-83.5,1108.0
1765718487.2526808,-83.69,1111.0
1765718487.2854004,-83.89,1115.0
1765718487.321849,-84.13,1118.0
1765718487.3551214,-84.34,1122.0
1765718487.387842,-84.54,1125.0
1765718487.4204464,-84.79,1128.0
1765718487.4532933,-85.03,1132.0
1765718487.4866393,-85.34,1135.0
1765718487.5187593,-85.62,1138.0
1765718487.5514746,-85.87,1142.0
1765718487.584248,-86.11,1145.0
1765718487.6169944,-86.42,1149.0
1765718487.653652,-86.67,1152.0
1765718487.6867986,-86.85,1156.0
1765718487.7194018,-86.99,1159.0
1765718487.7524977,-87.16,1162.0
1765718487.7852461,-87.34,1166.0
1765718487.817723,-87.59,1169.0
1765718487.8504455,-87.83,1172.0
1765718487.883855,-88.04,1176.0
1765718487.9163296,-88.27,1179.0
1765718487.9526978,-88.53,1182.0
1765718487.9854903,-88.79,1186.0
1765718488.018475,-88.99,1189.0
1765718488.0514572,-89.21,1192.0
1765718488.0839007,-89.43,1196.0
1765718488.1166384,-89.64,1199.0
1765718488.1497433,-89.84,1202.0
1765718488.182414,-90.05,1206.0
1765718488.2153559,-90.3,1209.0
1765718488.2480333,-90.54,1212.0
1765718488.2807968,-90.77,1216.0
1765718488.317382,-90.98,1219.0
1765718488.3502667,-91.18,1223.0
1765718488.3829687,-91.42,1226.0
1765718488.4156415,-91.68,1230.0
1765718488.4487014,-91.95,1233.0
1765718488.4815125,-92.19,1236.0
1765718488.5142648,-92.43,1240.0
1765718488.546886,-92.68,1243.0
1765718488.5797677,-92.93,1247.0
1765718488.6125302,-93.14,1250.0
1765718488.6452878,-93.35,1254.0
1765718488.6819742,-93.49,1257.0
1765718488.7146466,-93.65,1260.0
1765718488.7476687,-93.8,1264.0
1765718488.78019,-94.01,1267.0
1765718488.8128512,-94.24,1270.0
1765718488.8461268,-94.43,1274.0
1765718488.8789983,-94.65,1277.0
1765718488.9117782,-94.89,1280.0
1765718488.9445205,-95.12,1284.0
1765718488.9772902,-95.35,1287.0
1765718489.0136328,-95.56,1290.0
1765718489.0462108,-95.78,1294.0
1765718489.079213,-95.99,1297.0
1765718489.1124198,-96.16,1300.0
1765718489.1449456,-96.4,1304.0
1765718489.1776924,-96.7,1307.0
1765718489.2104542,-96.98,1311.0
1765718489.2432108,-97.25,1314.0
1765718489.275976,-97.49,1318.0
1765718489.3086185,-97.69,1321.0
1765718489.3450472,-97.9,1324.0
1765718489.3782604,-98.16,1328.0
1765718489.4108882,-98.41,1331.0
1765718489.4436173,-98.65,1335.0
1765718489.4766915,-98.9,1338.0
1765718489.5094266,-99.21,1342.0
1765718489.5422049,-99.47,1345.0
1765718489.5749903,-99.71,1348.0
1765718489.6079743,-99.92,1352.0
1765718489.6407616,-100.09,1355.0
1765718489.6773634,-100.24,1359.0
1765718489.709952,-100.44,1362.0
1765718489.742605,-100.63,1365.0
1765718489.7756338,-100.84,1369.0
1765718489.808428,-101.07,1372.0
1765718489.8414347,-101.29,1375.0
1765718489.8741987,-101.51,1378.0
1765718489.9067073,-101.71,1382.0
1765718489.9392638,-101.95,1385.0
1765718489.9722161,-102.16,1388.0
1765718490.0088177,-102.35,1392.0
1765718490.0416963,-102.53,1395.0
1765718490.0744624,-102.69,1398.0
1765718490.107295,-102.88,1402.0
1765718490.1403813,-103.18,1405.0
1765718490.1727855,-103.49,1409.0
1765718490.20533,-103.79,1412.0
1765718490.2384062,-104.04,1416.0
1765718490.2747793,-104.22,1419.0
1765718490.307814,-104.39,1422.0
1765718490.3410368,-104.62,1426.0
1765718490.3738303,-104.91,1429.0
1765718490.4066682,-105.16,1432.0
1765718490.4389677,-105.38,1436.0
1765718490.4718943,-105.64,1439.0
1765718490.5043058,-105.89,1442.0
1765718490.5370193,-106.1,1446.0
1765718490.57388,-106.3,1449.0
1765718490.6067388,-106.45,1452.0
1765718490.6393926,-106.61,1456.0
1765718490.6724286,-106.81,1459.0
1765718490.70556,-107.02,1462.0
1765718490.7377188,-107.22,1466.0
1765718490.7708604,-107.45,1469.0
1765718490.8035817,-107.7,1472.0
1765718490.8360252,-107.91,1475.0
1765718490.8691037,-108.11,1478.0
1765718490.9053245,-108.35,1481.0
1765718490.938112,-108.6,1485.0
1765718490.9713783,-108.76,1488.0
1765718491.0042117,-108.94,1491.0
1765718491.0370245,-109.09,1494.0
1765718491.0697806,-109.25,1498.0
1765718491.102267,-109.48,1501.0
1765718491.1350257,-109.78,1504.0
1765718491.1683476,-110.1,1508.0
1765718491.2008467,-110.37,1511.0
1765718491.2374415,-110.59,1514.0
1765718491.2703693,-110.83,1518.0
1765718491.3030326,-111.02,1521.0
1765718491.3356555,-111.29,1524.0
1765718491.3687491,-111.6,1528.0
1765718491.4011283,-111.85,1531.0
1765718491.433979,-112.11,1534.0
1765718491.4668689,-112.41,1537.0
1765718491.499487,-112.72,1541.0
1765718491.536017,-112.97,1544.0
1765718491.5691252,-113.14,1548.0
1765718491.6021993,-113.3,1551.0
1765718491.6346374,-113.48,1554.0
1765718491.6679711,-113.66,1557.0
1765718491.7001421,-113.88,1561.0
1765718491.7332897,-114.08,1564.0
1765718491.7660162,-114.32,1567.0
1765718491.7990456,-114.59,1570.0
1765718491.8317976,-114.84,1573.0
1765718491.8684354,-115.05,1576.0
1765718491.9009078,-115.29,1580.0
1765718491.933575,-115.56,1583.0
1765718491.9668403,-115.82,1586.0
1765718491.999437,-116.03,1590.0
1765718492.032164,-116.18,1593.0
1765718492.0646596,-116.34,1596.0
1765718492.0977397,-116.57,1599.0
1765718492.13037,-116.84,1602.0
1765718492.1667674,-117.19,1606.0
1765718492.1998088,-117.47,1609.0
1765718492.232437,-117.72,1613.0
1765718492.2659066,-117.96,1616.0
