1765456471.174639,88.7366063867677
1765456471.1749766,88.7366063867677
1765456471.1751091,88.7366063867677
1765456471.1752408,88.7366063867677
1765456471.1753416,88.7366063867677
1765456471.2307806,88.7366063867677
1765456471.3029492,88.7366063867677
1765456471.3752518,88.7366063867677
1765456471.4541743,88.7366063867677
1765456471.5291467,88.7366063867677
1765456471.5985987,88.7366063867677
1765456471.6684833,88.7366063867677
1765456471.7474928,88.7366063867677
1765456471.8297515,88.7366063867677
1765456471.9070742,88.7366063867677
1765456471.97801,88.7366063867677
1765456472.053485,88.7366063867677
1765456472.125376,88.7366063867677
1765456472.1929018,88.7366063867677
1765456472.2687376,88.7366063867677
1765456472.3411987,88.7366063867677
1765456472.408523,88.7366063867677
1765456472.4824324,88.7366063867677
1765456472.5604289,88.7366063867677
1765456472.6283357,88.7366063867677
1765456472.7023783,88.7366063867677
1765456472.7740715,88.7366063867677
1765456472.8400028,88.7366063867677
1765456472.9231532,88.7366063867677
1765456472.9986122,88.7366063867677
1765456473.0641046,88.7366063867677
1765456473.1362486,88.7366063867677
1765456473.215978,88.7366063867677
1765456473.283248,88.7366063867677
1765456473.3512383,88.7366063867677
1765456473.4249961,88.7366063867677
1765456473.5011396,88.7366063867677
1765456473.5751996,88.7366063867677
1765456473.6507635,88.7366063867677
1765456473.7210035,88.7366063867677
1765456473.7959764,88.7366063867677
1765456473.8691876,88.7366063867677
1765456473.941083,88.7366063867677
1765456474.0090468,88.7366063867677
1765456474.0859072,88.7366063867677
1765456474.1562617,88.7366063867677
1765456474.2245345,88.7366063867677
1765456474.3014112,88.7366063867677
1765456474.3786445,88.7366063867677
1765456474.4493864,88.7366063867677
1765456474.5175745,88.7366063867677
1765456474.5887752,88.7366063867677
1765456474.6625352,88.7366063867677
1765456474.7291527,88.7366063867677
1765456474.802133,88.7366063867677
1765456474.8793504,88.7366063867677
1765456474.950349,88.7366063867677
1765456475.0178518,88.7366063867677
1765456475.0914211,88.7366063867677
1765456475.1641173,88.7366063867677
1765456475.2331243,88.7366063867677
1765456475.3090804,88.7366063867677
1765456475.3815675,88.7366063867677
1765456475.4497073,88.7366063867677
1765456475.5267928,88.7366063867677
1765456475.597793,88.7366063867677
1765456475.6670046,88.7366063867677
1765456475.7342124,88.7366063867677
1765456475.8118784,88.7366063867677
1765456475.883148,88.7366063867677
1765456475.9490628,88.7366063867677
1765456476.0238023,88.7366063867677
1765456476.0956864,88.7366063867677
1765456476.1618164,88.7366063867677
1765456476.234085,88.7366063867677
1765456476.3059006,88.7366063867677
1765456476.3718033,88.7366063867677
1765456476.448898,88.7366063867677
1765456476.5237002,88.7366063867677
1765456476.600834,88.7366063867677
1765456476.6777925,88.7366063867677
1765456476.7471793,88.7366063867677
1765456476.816023,88.7366063867677
1765456476.8905237,88.7366063867677
1765456476.9607196,88.7366063867677
1765456477.0275054,88.7366063867677
1765456477.1012657,88.7366063867677
1765456477.1743824,88.7366063867677
1765456477.2478209,88.7366063867677
1765456477.3223104,88.7366063867677
1765456477.3960116,88.7366063867677
1765456477.4646757,88.7366063867677
1765456477.539002,88.7366063867677
1765456477.6113503,88.7366063867677
1765456477.6791077,88.7366063867677
1765456477.7559109,88.7366063867677
1765456477.8291912,88.7366063867677
1765456477.9082448,88.7366063867677
1765456477.981262,88.7366063867677
1765456478.0511289,88.7366063867677
1765456478.1183505,88.7366063867677
1765456478.1907218,88.7366063867677
1765456478.262178,88.7366063867677
1765456478.3294752,88.7366063867677
1765456478.403206,88.7366063867677
1765456478.4761875,88.7366063867677
1765456478.5451984,88.7366063867677
1765456478.612552,88.7366063867677
1765456478.686907,88.7366063867677
1765456478.759049,88.7366063867677
1765456478.8271406,88.7366063867677
1765456478.9029627,88.7366063867677
1765456478.9762897,88.7366063867677
1765456479.0454261,88.7366063867677
1765456479.114537,88.7366063867677
1765456479.1901574,88.7366063867677
1765456479.2594726,88.7366063867677
1765456479.3286893,88.7366063867677
1765456479.4043267,88.7366063867677
1765456479.4859257,88.7366063867677
1765456479.5545013,88.7366063867677
1765456479.6298587,88.7366063867677
1765456479.7026753,88.7366063867677
1765456479.7727523,88.7366063867677
1765456479.840987,88.7366063867677
1765456479.9161196,88.7366063867677
1765456479.9882636,88.7366063867677
1765456480.0583756,88.7366063867677
1765456480.1356804,88.7366063867677
1765456480.2117028,88.7366063867677
1765456480.2801876,88.7366063867677
1765456480.3552854,88.7366063867677
1765456480.4314623,88.7366063867677
1765456480.5000794,88.7366063867677
1765456480.5747182,88.7366063867677
1765456480.646173,88.7366063867677
1765456480.7125673,88.7366063867677
1765456480.7881672,88.7366063867677
1765456480.8642533,88.7366063867677
1765456480.9348977,88.7366063867677
1765456481.0111892,88.7366063867677
1765456481.0851111,88.7366063867677
1765456481.1540623,88.7366063867677
1765456481.2297,88.7366063867677
1765456481.301483,88.7366063867677
1765456481.3688104,88.7366063867677
1765456481.4429944,88.7366063867677
1765456481.5150075,88.7366063867677
1765456481.5838406,88.7366063867677
1765456481.6601496,88.7366063867677
1765456481.7328215,88.7366063867677
1765456481.8009195,88.7366063867677
1765456481.8700974,88.7366063867677
1765456481.9470482,88.7366063867677
1765456482.0214918,88.7366063867677
1765456482.0911372,88.7366063867677
1765456482.1693351,88.7366063867677
1765456482.241182,88.7366063867677
1765456482.3095765,88.7366063867677
1765456482.3844805,88.7366063867677
1765456482.457101,88.7366063867677
1765456482.5275006,88.7366063867677
1765456482.5963702,88.7366063867677
1765456482.670177,88.7366063867677
1765456482.7421474,88.7366063867677
1765456482.8101606,88.7366063867677
1765456482.88611,88.7366063867677
1765456482.9616673,88.7366063867677
1765456483.0338938,88.7366063867677
1765456483.1161315,88.7366063867677
1765456483.188039,88.7366063867677
1765456483.2568622,88.7366063867677
1765456483.3306344,88.7366063867677
1765456483.4038875,88.7366063867677
1765456483.471004,88.7366063867677
1765456483.5512705,88.7366063867677
1765456483.6248126,88.7366063867677
1765456483.693824,88.7366063867677
1765456483.7680137,88.7366063867677
1765456483.8406994,88.7366063867677
1765456483.9102714,88.7366063867677
1765456483.986944,88.7366063867677
1765456484.0602233,88.7366063867677
1765456484.1304688,88.7366063867677
1765456484.206934,88.7366063867677
1765456484.2780576,88.7366063867677
1765456484.3437486,88.7366063867677
1765456484.4183614,88.7366063867677
1765456484.4932904,88.7366063867677
1765456484.5628576,88.7366063867677
1765456484.6373072,88.7366063867677
1765456484.7101617,88.7366063867677
1765456484.7768154,88.7366063867677
1765456484.8513167,88.7366063867677
1765456484.922231,88.7366063867677
1765456484.9887705,88.7366063867677
1765456485.0644345,88.7366063867677
1765456485.1364336,88.7366063867677
1765456485.2048666,88.7366063867677
1765456485.2799754,88.7366063867677
1765456485.3526256,88.7366063867677
1765456485.41961,88.7366063867677
1765456485.4930322,88.7366063867677
1765456485.565439,88.7366063867677
1765456485.634438,88.7366063867677
1765456485.7089338,88.7366063867677
1765456485.7830265,88.7366063867677
1765456485.8512795,88.7366063867677
1765456485.9204345,88.7366063867677
1765456485.997389,88.7366063867677
1765456486.0701983,88.7366063867677
1765456486.1482458,88.7366063867677
1765456486.2249134,88.7366063867677
1765456486.2970214,88.7366063867677
1765456486.378211,88.7366063867677
1765456486.4527862,88.7366063867677
1765456486.5195832,88.7366063867677
1765456486.5932965,88.7366063867677
1765456486.6645432,88.7366063867677
1765456486.7306962,88.7366063867677
1765456486.8046117,88.7366063867677
1765456486.8766475,88.7366063867677
1765456486.9441316,88.7366063867677
1765456487.0180633,88.7366063867677
1765456487.0905097,88.7366063867677
1765456487.1581767,88.7366063867677
1765456487.2333384,88.7366063867677
1765456487.3061993,88.7366063867677
1765456487.3757315,88.7366063867677
1765456487.449552,88.7366063867677
1765456487.5221179,88.7366063867677
1765456487.5895462,88.7366063867677
1765456487.6645832,88.7366063867677
1765456487.7348034,88.7366063867677
1765456487.8013985,88.7366063867677
1765456487.8742085,88.7366063867677
1765456487.9436054,88.7366063867677
1765456488.0102875,88.7366063867677
1765456488.084705,88.7366063867677
1765456488.1551788,88.7366063867677
1765456488.2217991,88.7366063867677
1765456488.2857633,88.7366063867677
1765456488.357597,88.7366063867677
1765456488.4281049,88.7366063867677
1765456488.4938798,88.7366063867677
1765456488.5572598,88.7366063867677
1765456488.624615,88.7366063867677
1765456488.692384,88.7366063867677
1765456488.7583952,88.7366063867677
1765456488.8259206,88.7366063867677
1765456488.8904288,88.7366063867677
1765456488.956257,88.7366063867677
1765456489.021132,88.7366063867677
1765456489.0905676,88.7366063867677
1765456489.1545959,88.7366063867677
1765456489.2238953,88.7366063867677
1765456489.2956712,88.7366063867677
1765456489.3610613,88.7366063867677
1765456489.4334304,88.7366063867677
1765456489.5038488,88.7366063867677
1765456489.5685039,88.7366063867677
1765456489.6396794,88.7366063867677
1765456489.707167,88.7366063867677
1765456489.771903,88.7366063867677
1765456489.8455036,88.7366063867677
1765456489.9164004,88.7366063867677
1765456489.9820383,88.7366063867677
1765456490.055671,88.7366063867677
1765456490.1285775,88.7366063867677
1765456490.1956542,88.7366063867677
1765456490.2689862,88.7366063867677
1765456490.339862,88.7366063867677
1765456490.4091928,88.7366063867677
1765456490.4809425,88.7366063867677
1765456490.5503862,88.7366063867677
1765456490.6150131,88.7366063867677
1765456490.6890197,88.7366063867677
1765456490.7599027,88.7366063867677
1765456490.8253098,88.7366063867677
1765456490.8990364,88.7366063867677
1765456490.9717515,88.7366063867677
1765456491.0380652,88.7366063867677
1765456491.1084247,88.7366063867677
1765456491.1794317,88.7366063867677
1765456491.2439244,88.7366063867677
1765456491.315677,88.7366063867677
1765456491.387042,88.7366063867677
1765456491.4534442,88.7366063867677
1765456491.5261574,88.7366063867677
1765456491.5968354,88.7366063867677
1765456491.6618109,88.7366063867677
1765456491.738554,88.7366063867677
1765456491.8104246,88.7366063867677
1765456491.877828,88.7366063867677
1765456491.9468927,88.7366063867677
1765456492.0126605,88.7366063867677
1765456492.0776799,88.7366063867677
1765456492.1511846,88.7366063867677
1765456492.2203405,88.7366063867677
1765456492.285153,88.7366063867677
1765456492.3507414,88.7366063867677
1765456492.4239073,88.7366063867677
1765456492.4951093,88.7366063867677
1765456492.5611973,88.7366063867677
1765456492.6341734,88.7366063867677
1765456492.7033095,88.7366063867677
1765456492.7678423,88.7366063867677
1765456492.8411086,88.7366063867677
1765456492.9127245,88.7366063867677
1765456492.980343,88.7366063867677
1765456493.055193,88.7366063867677
1765456493.1321564,88.7366063867677
1765456493.2010448,88.7366063867677
1765456493.267165,88.7366063867677
1765456493.3418684,88.7366063867677
1765456493.407913,88.7366063867677
1765456493.471238,88.7366063867677
1765456493.5440955,88.7366063867677
1765456493.6088831,88.7366063867677
1765456493.6741273,88.7366063867677
1765456493.7482464,88.7366063867677
1765456493.8167849,88.7366063867677
1765456493.8791006,88.7366063867677
1765456493.941455,88.7366063867677
1765456494.0114,88.7366063867677
1765456494.0805247,88.7366063867677
1765456494.142885,88.7366063867677
1765456494.2069368,88.7366063867677
1765456494.2777512,88.7366063867677
1765456494.3464744,88.7366063867677
1765456494.4105422,88.7366063867677
1765456494.480203,88.7366063867677
1765456494.5436032,88.7366063867677
1765456494.6082203,88.7366063867677
1765456494.6797578,88.7366063867677
1765456494.749799,88.7366063867677
1765456494.816393,88.7366063867677
1765456494.8865778,88.7366063867677
1765456494.956928,88.7366063867677
1765456495.031379,88.7366063867677
1765456495.0965247,88.7366063867677
1765456495.1629286,88.7366063867677
1765456495.2382162,88.7366063867677
1765456495.3100922,88.7366063867677
1765456495.3791976,88.7366063867677
1765456495.4426262,88.7366063867677
1765456495.507143,88.7366063867677
1765456495.5804424,88.7366063867677
1765456495.6589723,88.7366063867677
1765456495.7223158,88.7366063867677
1765456495.7854362,88.7366063867677
1765456495.8536594,88.7366063867677
1765456495.9224038,88.7366063867677
