1765729698.4657612,90.50193676568145
1765729698.4920735,90.50193676568145
1765729698.5297823,90.5418166345913
1765729698.5626545,90.77504752760292
1765729698.5919747,90.82460874693965
1765729698.6270313,90.73111832166168
1765729698.6564565,90.71585986904128
1765729698.6932597,90.77869956628155
1765729698.7308338,90.80059981889423
1765729698.762316,90.86656151048895
1765729698.7911048,90.852035844082
1765729698.8244143,90.84795042988515
1765729698.8573568,90.87404677395419
1765729698.889572,90.86823398300608
1765729698.9273405,90.95180605465876
1765729698.9595695,91.05553540081445
1765729698.996072,91.03064238857291
1765729699.031433,90.99949690204528
1765729699.062121,90.99565589725903
1765729699.0953846,91.08289077844219
1765729699.1267269,91.17448887197462
1765729699.1605184,91.26560430405209
1765729699.193586,91.36111792424995
1765729699.225675,91.30814157084983
1765729699.2594748,91.21357317485489
1765729699.295374,91.06205944363906
1765729699.3289862,90.9755296010673
1765729699.3609247,90.92890931336174
1765729699.394156,90.90488597672275
1765729699.4265928,90.8984978628272
1765729699.4597638,90.86940404399326
1765729699.4917912,90.80200168143486
1765729699.5290298,90.72976605852679
1765729699.5564897,90.79937446729369
1765729699.591118,90.89334023320528
1765729699.623153,90.8678746020339
1765729699.657041,90.83591105232567
1765729699.6887155,90.80921306339427
1765729699.720929,90.88309473319622
1765729699.7538059,91.00551642533651
1765729699.7863772,91.10437836823145
1765729699.8189383,91.0558488972122
1765729699.85578,91.10497004143605
1765729699.8911893,91.1917922873647
1765729699.9239793,91.16258254696606
1765729699.9549706,91.09750434032692
1765729699.9871345,91.16602780211622
1765729700.0203226,91.36110220660844
1765729700.0530636,91.40804460719978
1765729700.0852866,91.56066256222309
1765729700.1184022,91.54444550027284
1765729700.154552,91.3437646239065
1765729700.1898742,91.02198345034716
1765729700.2207272,90.86000485913877
1765729700.2578785,90.76412819481867
1765729700.2858558,90.79731769179993
1765729700.3189476,90.72897258866837
1765729700.3514676,90.61464076038764
1765729700.3851125,90.49937334806583
1765729700.4169133,90.37261941447503
1765729700.453559,90.33954548876106
1765729700.4863799,90.24943986459297
1765729700.519555,90.10420366348802
1765729700.552147,89.94990753672481
1765729700.5853276,90.00153706049524
1765729700.6175284,90.04659121197855
1765729700.6509619,90.08222373669228
1765729700.682897,89.92658522398563
1765729700.7159095,89.7690966208351
1765729700.7525997,89.73130026614285
1765729700.7852292,89.69459663238973
1765729700.8187797,89.47951450078774
1765729700.851082,89.35771897047312
1765729700.884396,89.19636089592368
1765729700.916528,89.17129776701913
1765729700.9497733,89.1343922501963
1765729700.9823356,89.15913483029556
1765729701.019737,88.99753749289073
1765729701.0514324,88.7544764784985
1765729701.0850992,88.3595573227047
1765729701.1170447,88.15553919033263
1765729701.1507063,87.99184993172928
1765729701.1878643,87.85744970406367
1765729701.217536,87.6316042941377
1765729701.2485466,87.45754570103232
1765729701.2854218,87.16421980936512
1765729701.3180766,87.57337763557956
1765729701.3515396,87.46288157046943
1765729701.3835528,87.32250279593461
1765729701.4171052,87.10816502110018
1765729701.4489844,86.77148852072148
1765729701.48206,86.62646972663534
1765729701.5150697,86.46717545214186
1765729701.5542967,86.31295923170454
1765729701.5843203,86.09952368101857
1765729701.619783,85.88580656449604
1765729701.6495626,85.67738076954211
1765729701.6825109,85.52021553772057
1765729701.715263,85.22317612397961
1765729701.7482684,84.95404190289567
1765729701.7809126,84.77331134902015
1765729701.818054,84.54154210674008
1765729701.8501086,84.38574537221022
1765729701.8841667,84.2010200941807
1765729701.9163043,84.07665196536995
1765729701.9495752,83.9480211182423
1765729701.982146,83.80507219077
1765729702.014896,83.43797053562598
1765729702.0476434,83.02693082228971
1765729702.1290667,82.62855496662998
1765729702.1360357,82.44529101462773
1765729702.1499922,82.40705494988451
1765729702.1823359,82.25768103085504
1765729702.2177594,81.89767233795963
1765729702.248794,81.6086170949497
1765729702.280896,81.35810945006794
1765729702.3137333,81.02069219089095
1765729702.3465276,80.87603373899094
1765729702.3827615,80.74491201798217
1765729702.4237008,80.45057981603433
1765729702.4535985,80.22664886496818
1765729702.4851706,80.08213444675336
1765729702.5189607,79.80417386559023
1765729702.5521421,79.58848923586427
1765729702.5842137,79.34867599111531
1765729702.6164448,79.06826996869361
1765729702.6531718,78.91014843609544
1765729702.6853702,78.784468443685
1765729702.7192168,78.46956575608004
1765729702.751581,78.04075568587508
1765729702.785166,77.8316425371607
1765729702.817036,77.62041111913587
1765729702.8508198,77.51241101005057
1765729702.8829243,77.23096759108702
1765729702.9198806,77.08940626844633
1765729702.9522152,76.9817581968598
1765729702.9855027,76.68199330351358
1765729703.0177534,76.47768546725067
1765729703.0509138,76.34243081924352
1765729703.0834277,76.05467625681443
1765729703.1163766,75.84627864980223
1765729703.1490312,75.81651774092694
1765729703.1866202,75.63625144200685
1765729703.2182958,75.5416513669863
1765729703.2519987,75.37833084615494
1765729703.2841246,75.37066281122755
1765729703.316049,75.34864707268193
1765729703.349955,75.20533178645165
1765729703.385022,75.24219386610231
1765729703.4155056,75.16692897355526
1765729703.4474597,75.22999742263649
1765729703.480749,75.1696989749569
1765729703.5142736,74.95425618320922
1765729703.5461118,75.08307894739984
1765729703.57928,75.16473303287768
1765729703.6117299,75.23542319203538
1765729703.6443172,75.40723822197499
1765729703.6775308,75.48878267574034
1765729703.72259,75.59942057123942
1765729703.7467403,75.72822104879518
1765729703.7799428,75.638240658545
1765729703.8125107,75.60413237294772
1765729703.845095,75.58079968020041
1765729703.8785727,75.67198876901016
1765729703.91076,75.57643903721461
1765729703.944123,75.80366597756192
1765729703.9806213,75.80594797530098
1765729704.0132108,75.79970894679884
1765729704.0460544,75.89226246933977
1765729704.0789738,75.7614455125427
1765729704.1114416,75.84416203919986
1765729704.143878,75.68215067299559
1765729704.1766114,75.71400985749143
1765729704.2097049,75.6442634840079
1765729704.2458668,75.6619435756506
1765729704.279069,75.6952606124684
1765729704.3116739,75.82811310626758
1765729704.3447776,75.8983947114528
1765729704.3772395,75.73052924599605
1765729704.4109306,75.75404855158033
1765729704.4429793,75.7822886058278
1765729704.4758303,75.62787406534439
1765729704.512603,75.69255959761216
1765729704.5451167,75.71260372144037
1765729704.5780988,75.78989601354938
1765729704.6110487,75.73943492845964
1765729704.6434374,75.82876067103942
1765729704.676658,75.76943788892096
1765729704.7091863,75.50825336368548
1765729704.7421255,75.47461855202235
1765729704.7745624,75.19931933899495
1765729704.8114839,75.07376578850693
1765729704.8445005,74.94243372530033
1765729704.8770208,74.72469635720923
1765729704.90982,74.66884725125783
1765729704.9437506,74.61225898990223
1765729704.9755933,74.52909197358672
1765729705.012629,74.27871550810544
1765729705.0408392,74.16923662901799
1765729705.0778553,74.01061213159747
1765729705.1108816,73.81552408244143
1765729705.1436656,73.41542953069711
1765729705.1765714,73.29500965178929
1765729705.209689,73.2013866558987
1765729705.2415128,73.1153835298106
1765729705.2751546,72.95703684382086
1765729705.3074782,72.66653255591572
1765729705.344329,72.53834403151895
1765729705.3770022,72.40942243742714
1765729705.4095159,72.27529821411474
1765729705.442395,72.19658449732013
1765729705.4757369,71.97289813131617
1765729705.507914,71.98461013573858
1765729705.5407603,71.97096621426357
1765729705.5736241,71.92258996901563
1765729705.6100688,71.9219296800568
1765729705.6430573,71.98998252016615
1765729705.6762009,72.06798494248714
1765729705.708715,71.9079946581299
1765729705.7417681,71.9299755171529
1765729705.7743165,71.9150482936202
1765729705.8087027,71.95625795255995
1765729705.8398046,71.94043961099354
1765729705.876304,71.70215399463777
1765729705.9090996,72.27748077494802
1765729705.9423287,72.21194771503744
1765729705.9750001,72.54284193725648
1765729706.007447,72.54019590589712
1765729706.0408149,72.72469586161792
1765729706.0731523,72.80018379986358
1765729706.1059341,72.91018891020487
1765729706.1423924,72.93823249953921
1765729706.1755106,72.76895462787336
1765729706.2080805,72.7557421676878
1765729706.2411168,72.90844022182617
1765729706.2736075,72.13263274375865
1765729706.3067696,72.0790613623617
1765729706.3391855,72.08561774860235
1765729706.3722706,72.0538843305307
1765729706.4050019,72.01736055209551
1765729706.441587,72.02396041563306
1765729706.474219,71.9808824568076
1765729706.5073771,71.88769254625149
1765729706.5400512,71.98328840505108
1765729706.5729377,72.0428834851346
1765729706.6052773,72.08531454291949
1765729706.6384406,71.93807686273445
1765729706.670863,72.02854343377183
1765729706.7076395,72.16811170825738
1765729706.7448428,72.33172639606853
1765729706.7785373,72.26863098494815
1765729706.810675,72.37939202971492
1765729706.843626,72.51958102959549
1765729706.8763313,72.55074815937758
1765729706.9094346,72.6934960722025
1765729706.9423742,72.90005997718447
1765729706.9751039,72.91533439775357
1765729707.0110216,73.168403582946
1765729707.044134,73.45431426772477
1765729707.076653,73.70853001836767
1765729707.1093028,74.04317881857344
1765729707.142481,74.21837020127496
1765729707.1709838,74.47269821969576
1765729707.2034187,74.69276079621127
1765729707.23821,74.89203930868712
1765729707.2687788,75.12739559911289
1765729707.3066416,75.28063252533715
1765729707.3387372,75.50589735498038
1765729707.3718212,75.74260662767533
1765729707.4040248,76.09450351849945
1765729707.4373891,76.47407190314037
1765729707.4699757,76.87525880661272
1765729707.5103948,77.12467666534462
1765729707.539474,77.39481988330888
1765729707.5719051,77.69817029578391
1765729707.6055453,77.84481147801681
1765729707.6375713,78.11732707592321
1765729707.6705592,78.41223763582103
1765729707.7034078,78.83089369585988
1765729707.7359881,79.28282666930696
1765729707.7695134,79.56380666955233
1765729707.8053663,79.99231374084442
1765729707.8396578,80.39381003867241
1765729707.8709295,80.83033494120626
1765729707.9049957,81.01244012464183
1765729707.9367216,81.48710824268852
1765729707.9708254,81.90334098339207
1765729708.0024226,80.97347187555957
1765729708.0349076,81.37412566108995
1765729708.067549,81.8220384913965
1765729708.1003501,82.34027998994284
1765729708.1372623,82.59962193408127
1765729708.1701484,83.17962522122882
1765729708.202899,83.26013792374884
1765729708.2363002,83.775645393961
1765729708.2682617,84.32783533033827
1765729708.3020372,84.84094021429952
1765729708.3337984,85.4989940238782
1765729708.3673563,86.09361870561263
1765729708.3992722,86.96721109884089
1765729708.4325516,87.16273699498994
1765729708.465363,88.05889202369481
1765729708.497979,88.71098872014181
1765729708.5344584,89.6969789801086
1765729708.56733,90.1709290745962
1765729708.6005168,90.98924679724841
1765729708.633173,92.43177644608798
1765729708.6667106,93.03301167930634
1765729708.699149,93.31943834856814
1765729708.7327907,94.91606656998428
1765729708.7675228,95.87650472129116
1765729708.803513,96.61250571507782
1765729708.8335652,97.47646765197436
1765729708.8668044,98.31688197954225
1765729708.8992686,99.26553636674639
1765729708.932371,100.37570105226418
1765729708.96472,101.18087885714453
1765729708.9984627,101.6838929952526
1765729709.0302587,102.29371234463258
1765729709.07147,103.33723073568214
1765729709.099574,104.24051813563551
1765729709.1328464,105.22487118072878
1765729709.1653285,105.70603674898258
1765729709.1988833,106.49658309930285
1765729709.230837,107.10563490511848
1765729709.263899,107.90316851972696
1765729709.3401675,108.80266585320919
1765729709.346486,109.4162987924669
1765729709.3660276,110.22594965673889
1765729709.3990135,110.54228896644531
1765729709.4330397,111.35922773041813
1765729709.46828,112.24375247229275
1765729709.4988425,112.72989072510703
1765729709.5301104,113.20472566701221
1765729709.563485,113.9443988635797
1765729709.5959687,114.40984273419288
1765729709.6325092,114.91434708893892
1765729709.6649718,115.68132644361116
1765729709.6980577,116.087628626617
1765729709.7308853,115.52077703847213
1765729709.763602,115.55655494258176
1765729709.7962508,115.87482775694878
1765729709.8288808,115.90109543127639
1765729709.8617308,116.29334916830017
1765729709.8942225,116.69026828913282
1765729709.9315522,117.08567934231993
1765729709.9638312,117.47150508533505
1765729709.996707,117.56513511395866
1765729710.0296834,117.90237786395262
1765729710.0625749,117.89824189105163
1765729710.0950367,118.17618381351862
1765729710.127839,118.44543010516759
1765729710.1607594,118.44227533785117
1765729710.1932297,118.47380638294979
1765729710.2271137,118.84210178768399
1765729710.2587261,118.92101982437893
1765729710.295812,119.16518753510105
1765729710.328286,119.12965916554909
1765729710.3611722,119.3101750342271
1765729710.396396,119.204259032053
1765729710.4271626,119.2572526840164
1765729710.459842,119.3248729316282
1765729710.4934084,119.38356791116107
1765729710.5293798,119.28654836105824
1765729710.562073,119.46737863933939
1765729710.5949342,119.55650674604452
1765729710.6309934,119.64429629800736
1765729710.6607645,119.7966304406701
1765729710.6937954,119.67033304230486
1765729710.7262907,119.75098046793099
1765729710.7631214,119.77470789511972
1765729710.7954574,119.77849232572801
1765729710.8320727,119.64913409631829
1765729710.8648539,119.6059233530225
1765729710.8984087,119.54600717094816
1765729710.9303687,119.50280577208392
1765729710.96213,119.4202048979791
1765729710.9976048,119.38840770713057
1765729711.0291333,119.4765741789786
1765729711.0620496,120.05547627267373
1765729711.095332,120.11991215328806
1765729711.1318038,120.14223138275577
1765729711.1618495,120.2803249665219
1765729711.1931107,120.24750508484365
1765729711.230304,120.52463092092727
1765729711.25888,120.20570670374724
1765729711.2922807,120.21435535254477
1765729711.3246918,120.0670489379934
1765729711.359304,119.91006915213413
1765729711.393217,119.61476358941262
1765729711.426461,118.85927338698332
1765729711.459703,118.69287897040518
1765729711.4955583,118.56435686300863
1765729711.5247457,118.36586088341028
1765729711.5586498,118.78077973047823
1765729711.5950701,118.16941681858711
1765729711.6276507,118.13839174916677
1765729711.6640081,117.86566324100288
1765729711.6961246,120.69495321479504
1765729711.7304227,118.3767933593463
1765729711.7629693,118.05992680064614
1765729711.7957273,117.89479575902112
1765729711.8286505,117.43741664095407
1765729711.86122,117.0942815798517
1765729711.9045155,115.81709559898162
1765729711.9269073,115.65233866379992
1765729711.9739168,115.40631940500938
1765729711.994256,115.0876881451608
1765729712.0287642,114.47860202329966
1765729712.060965,113.89168659998583
1765729712.0916166,113.64742006381923
1765729712.1275349,110.98488798772706
1765729712.1608508,110.72679902830302
1765729712.1935914,110.26724626753149
1765729712.2292194,109.93665719763902
1765729712.262057,109.24517723428511
1765729712.295339,108.86144568148171
1765729712.3275297,108.4782033523219
1765729712.360458,108.20689071120354
1765729712.3930206,107.74248278822809
1765729712.4257522,108.25938217624201
1765729712.4591174,107.39905098034428
1765729712.4956298,108.28414398121905
1765729712.526997,108.14256231851563
1765729712.5610516,107.84726733560476
1765729712.5949945,107.40660358756976
1765729712.6268587,104.39423775748462
1765729712.6599383,103.82720665718064
1765729712.6924047,103.10575824340008
1765729712.7258582,102.4578303309561
1765729712.7606857,101.91563845609163
1765729712.7943938,101.92795646003813
1765729712.8273118,101.5810171549189
1765729712.8605132,101.70019173626838
1765729712.8931835,100.22873580135979
1765729712.9269829,100.0335187554118
1765729712.9590821,99.99545293738277
1765729712.9957538,99.8330157078986
1765729713.0276499,120.9583872400916
1765729713.0616705,120.75500712889037
1765729713.093737,115.26539372831198
1765729713.1266654,105.28597017360352
1765729713.160408,105.63571988283284
1765729713.1927063,104.83062931222125
1765729713.225135,99.98757568479347
1765729713.2577748,127.59371772229366
1765729713.2942538,128.94652410842863
1765729713.32731,128.49005928484118
1765729713.3600802,127.71057716830578
1765729713.3922641,127.17291425859511
1765729713.4258347,96.97369552441997
1765729713.4580486,96.82251477666803
1765729713.491464,96.34366713572831
1765729713.523955,95.99712528636732
1765729713.5572238,95.12705204651306
1765729713.6037016,91.53808078464206
1765729713.626219,90.92280175573826
1765729713.6589243,92.49134412753669
1765729713.6914914,140.4491535207831
1765729713.7244742,89.79992574970863
1765729713.757356,90.32980675049845
1765729713.7896433,90.27420447297266
1765729713.821905,90.52708346762306
1765729713.8590221,90.47328371101793
1765729713.8922327,90.1280474101034
1765729713.9360464,90.1204682725312
1765729713.9573689,90.16542770071325
1765729713.9910052,90.23372167745627
1765729714.0231416,90.45366663944343
1765729714.055646,90.43739515732047
1765729714.0886836,90.70198759943014
1765729714.1215496,90.4264328782354
1765729714.1587825,90.12244374218582
1765729714.1910808,90.10177433571
1765729714.2242043,90.14451963498632
1765729714.25832,90.1864777492803
1765729714.2899604,90.22920311117727
1765729714.3216834,90.1591503284905
1765729714.355253,90.11305112731287
1765729714.3876784,90.11305112731287
1765729714.4248986,90.06691943547278
1765729714.45798,90.02079920432259
1765729714.493355,90.02079920432259
1765729714.5229356,90.02079920432259
1765729714.5568497,89.97457094922528
1765729714.5883522,89.97457094922528
1765729714.6216042,90.01715974358679
1765729714.6538208,90.08417356199446
1765729714.6869864,90.12617734274535
1765729714.7230234,90.1682453596284
1765729714.757714,90.21107914751089
1765729714.7891972,90.21107914751089
1765729714.8228114,90.21107914751089
1765729714.8547604,90.16481172080839
1765729714.8885195,90.11851153855294
1765729714.921016,90.11851153855294
1765729714.9563463,90.11851153855294
1765729714.9856768,90.16058585806071
1765729715.0205934,90.20501996133868
1765729715.055089,90.15940272834678
1765729715.0883813,90.15940272834678
1765729715.1212354,90.20156110660396
1765729715.154277,90.20156110660396
1765729715.1871257,90.09057254942688
1765729715.2192452,90.25617543142442
1765729715.252228,90.50065979844852
1765729715.2962122,90.1921927698807
1765729715.317611,90.23467648339076
1765729715.351458,90.27799120193957
1765729715.3875341,90.34805572844614
1765729715.4197924,90.41874747265807
1765729715.4535906,90.54658480681793
1765729715.4950833,90.67472706777787
1765729715.5170522,90.86001749186937
1765729715.5473335,91.01749135334109
1765729715.583063,91.08784990531349
1765729715.612617,91.13730113398708
1765729715.648904,91.08503215591556
1765729715.6854043,91.01226372634592
1765729715.7187262,90.86226567032304
1765729715.751351,90.69961666522458
1765729715.784274,90.58004947773259
1765729715.8165624,90.62443978914972
1765729715.8493445,90.66888758548008
1765729715.8824348,90.6218537872543
1765729715.9154243,90.6218537872543
1765729715.9520998,90.6218537872543
1765729715.9849567,90.6218537872543
1765729716.0182478,90.6218537872543
1765729716.050894,90.6218537872543
1765729716.0835676,90.6218537872543
1765729716.1163588,90.6218537872543
