1765544864.0032306,90.0
1765544864.0774598,78.8511578842375
1765544864.1491203,89.14116550952082
1765544864.2168012,91.90256581362462
1765544864.2842941,92.52125306974101
1765544864.3483334,91.18031446335587
1765544864.415986,92.5277920373582
1765544864.4811869,92.53854041939405
1765544864.5449758,92.5484608306823
1765544864.6182513,92.24974583428504
1765544864.6860113,91.62883490798856
1765544864.7507513,91.73246361972602
1765544864.8227174,89.92545203855502
1765544864.8911395,91.55876200254718
1765544864.9540756,91.55617929236635
1765544865.0250869,91.45033614965604
1765544865.0934072,91.42163307543123
1765544865.157682,91.44961597991264
1765544865.226576,89.82186916338391
1765544865.2929344,89.91309778955845
1765544865.356785,89.75106679737813
1765544865.4198444,89.5195986203482
1765544865.4888687,89.51742120798833
1765544865.555366,89.63321981483557
1765544865.6181993,89.46730745455402
1765544865.680972,89.4924766940512
1765544865.7498798,89.46954590075345
1765544865.815985,89.35595982244452
1765544865.880551,89.32961627118459
1765544865.951697,89.88714506728344
1765544866.019129,89.90495410023931
1765544866.0828915,89.9577316882129
1765544866.153279,87.03802757835035
1765544866.2216222,79.96392925825779
1765544866.2861023,79.96392925825779
1765544866.357055,79.96392925825779
1765544866.4229991,82.42951324334446
1765544866.4872825,89.96545935060091
1765544866.557538,89.97642971148194
1765544866.6279793,89.95822588230138
1765544866.6920786,89.94892803302295
1765544866.7614753,89.73901050823964
1765544866.828504,89.64402000960588
1765544866.89328,89.61333563235122
1765544866.9565096,87.93585619685909
1765544867.026799,87.16977612893437
1765544867.0911229,87.14252038555718
1765544867.1548383,87.11708487950591
1765544867.2231283,97.07711570565317
1765544867.2892241,97.33799416298838
1765544867.349923,87.2096659416236
1765544867.4232967,87.13467938714349
1765544867.4899855,87.14938591285389
1765544867.5531812,87.15331403714804
1765544867.6213102,87.17903781639971
1765544867.690152,89.22169439663321
1765544867.7526824,97.09702983050934
1765544867.824079,97.09096263046378
1765544867.8937118,97.10792299952284
1765544867.9544992,87.17165459279775
1765544868.029436,87.16074973810552
1765544868.0963976,87.16708059297751
1765544868.1600525,87.15889070750173
1765544868.2243698,87.17435589472669
1765544868.2961664,87.1727145256998
1765544868.366923,89.7555138701205
1765544868.4292781,89.64046549424394
1765544868.4926198,89.78834210393983
1765544868.5636826,89.81517224889264
1765544868.6369402,89.83554742962919
1765544868.7071066,86.86736716297675
1765544868.7723024,87.13124691078681
1765544868.8355868,87.13124691078681
1765544868.9044216,87.12887404967314
1765544868.972846,87.1551285397095
1765544869.0352714,87.75415731184567
1765544869.1049635,93.36371642350689
1765544869.1687667,93.24320608749333
1765544869.2308607,93.272819715129
1765544869.3013737,86.96599652377583
1765544869.3669903,86.96599652377583
1765544869.432295,88.4174544605966
1765544869.503498,86.97345598551621
1765544869.5726633,89.92232159729585
1765544869.635804,87.77628512561736
1765544869.708199,87.51389013748775
1765544869.7752774,87.59508723360717
1765544869.8381176,89.63367477966979
1765544869.9026246,89.70061957984305
1765544869.9745865,89.71017138234065
1765544870.0449665,89.8192294392639
1765544870.1102247,89.93283088777552
1765544870.1831274,89.88912429963538
1765544870.2528164,89.90901281851606
1765544870.318267,89.82314761375483
1765544870.3884225,89.71960030249645
1765544870.457084,91.17425683832025
1765544870.5218372,90.76130450393825
1765544870.5941188,89.85328010692795
1765544870.663506,85.84544302284854
1765544870.7290628,85.94571290659286
1765544870.800811,85.8419939083341
1765544870.8700395,87.94208601486206
1765544870.933899,87.94789122323138
1765544870.9969933,87.94741933315538
1765544871.0689044,87.91094082181134
1765544871.1380584,97.08627882902537
1765544871.200641,97.06479773953942
1765544871.2726476,97.1165675734686
1765544871.3425443,97.1165675734686
1765544871.4048347,88.39819617068032
1765544871.4765139,87.25737042611362
1765544871.545515,87.258914770853
1765544871.6085746,88.65070681472518
1765544871.6781826,88.42134613508017
1765544871.7459636,88.41160683041824
1765544871.8104253,88.0811704847069
1765544871.8830879,87.9551694052098
1765544871.9466808,88.07976262473512
1765544872.0092545,88.07497848043332
1765544872.072698,88.1368711714806
1765544872.1447725,88.11936310908351
1765544872.210514,88.18299864958693
1765544872.275409,88.33174874314906
1765544872.3453264,87.13050748020788
1765544872.4109867,87.1468271702601
1765544872.4732513,87.1179396455355
1765544872.545003,87.7737414946364
1765544872.6139321,87.74752978850508
1765544872.6782157,87.50467497413538
1765544872.750049,87.78065518836705
1765544872.8193483,87.75316749025654
1765544872.8827827,87.75400457174003
1765544872.9496808,87.76528631536988
1765544873.0137587,87.78143306063055
1765544873.0851088,93.43816436072073
1765544873.1543248,93.42883516553921
1765544873.217327,93.4310765729059
1765544873.2789054,93.45657604788529
1765544873.3503246,86.61596146639816
1765544873.4189572,87.12153534618872
1765544873.484064,87.62357783752877
1765544873.553947,88.79434599850227
1765544873.6243656,86.16608115753318
1765544873.6860542,72.25787166311324
1765544873.7478037,70.7117622850862
1765544873.820001,68.61316001289163
1765544873.8887982,88.42827824480734
1765544873.9512646,84.64062042474961
1765544874.013324,85.53199876881443
1765544874.0856664,87.96842717405768
1765544874.1565146,89.52508511508884
1765544874.220834,95.69532879973514
1765544874.2914286,95.27322143550903
1765544874.358235,95.22236550332526
1765544874.4193547,90.08503024738106
1765544874.4884472,90.93436568743549
1765544874.556647,88.19215497073995
1765544874.6222143,88.21112473009214
1765544874.6932523,89.42966562200668
1765544874.7612948,93.70133306098279
1765544874.824159,93.59457028852898
1765544874.8891034,93.7276964833723
1765544874.9592218,93.77339723731282
1765544875.0227854,93.9165558826037
1765544875.0854871,89.10657670259559
1765544875.149545,90.24397608735613
1765544875.215633,91.10092956605058
1765544875.2833023,91.60114023396739
1765544875.3478794,92.22268358183022
1765544875.4112394,95.80724890443503
1765544875.4791877,95.52076998146502
1765544875.542822,95.06900237406776
1765544875.6105425,94.97433415921077
1765544875.6748066,94.3105309900502
1765544875.7454076,87.48036880646511
1765544875.8152437,87.7269719683507
1765544875.8794682,87.98737228824776
1765544875.9520366,95.68823994144479
1765544876.021972,97.1287612495125
1765544876.0857327,98.10100749925255
1765544876.1495757,99.23043011459761
1765544876.2166975,88.86553444207306
1765544876.2873297,83.76746254174711
1765544876.3538425,84.70631786914826
1765544876.418478,83.82460929140767
1765544876.4917905,87.93163770353726
1765544876.5638447,90.82294196657699
1765544876.638213,91.97958604594575
1765544876.6994212,88.21484972408399
1765544876.763393,97.07880107388677
1765544876.8340309,89.95180747228397
1765544876.904283,84.4588849437955
1765544876.9704556,73.21332927550539
1765544877.0412045,71.70445948860221
1765544877.1114419,96.02740361178256
1765544877.1757452,97.17502329291764
1765544877.2474701,83.94005790820142
1765544877.3167143,84.89387270399325
1765544877.3833385,105.07202431697169
1765544877.452287,104.60997185111361
1765544877.520817,103.71280546721432
1765544877.5852847,99.42765635743758
1765544877.6582658,103.79635959184
1765544877.7267869,105.4057410860378
1765544877.7895129,106.74680888893243
1765544877.8541873,101.79843495520056
1765544877.9254084,100.45877119350224
1765544877.9928837,99.03639139733438
1765544878.0552962,99.65199025170146
1765544878.1269321,96.69816672997747
1765544878.1965501,96.61758457127858
1765544878.2610817,96.20435895202077
1765544878.3322847,95.90640903898803
1765544878.3998542,96.08452053576362
1765544878.464768,93.07984550337741
1765544878.535121,92.76460722993173
1765544878.6006055,84.50386479039943
1765544878.6649616,86.5659952242369
1765544878.7356153,86.65900179577984
1765544878.8032124,87.65488818323797
1765544878.8652964,86.5578548487495
1765544878.9372468,86.6184894079191
1765544879.004536,86.75757765055852
1765544879.0678449,86.72277055947868
1765544879.1388316,86.59474571514521
1765544879.2075222,95.82507015641447
1765544879.2702448,94.26719200466835
1765544879.3412666,95.20003067581484
1765544879.4091074,90.99841677904378
1765544879.4719362,93.5221722918123
1765544879.5449083,89.4402657874464
1765544879.6086228,89.03922200130741
1765544879.6724715,89.09088069791666
1765544879.7440796,89.7693550482481
1765544879.8137527,93.95263011175567
1765544879.877618,97.09168785770565
1765544879.9498541,100.62731630533395
1765544880.0213685,96.57059270907074
1765544880.081232,98.0973434455913
1765544880.1491406,98.27804185618119
1765544880.2168586,98.52924084837097
1765544880.2801304,98.81997247246123
1765544880.3439598,98.85262011779125
1765544880.4166434,98.33608169941797
1765544880.4821773,97.26547988714545
1765544880.5551007,97.31759894728339
1765544880.6202962,96.65430986470591
1765544880.688948,95.99034269300469
1765544880.7553158,99.50946840111143
1765544880.8200524,99.27656369651658
1765544880.890105,98.25473366835905
1765544880.9575076,87.96246313460449
1765544881.0198746,87.16062238110128
1765544881.0896914,86.47612159131512
1765544881.1566193,86.713637220153
1765544881.2181652,86.1477557788869
1765544881.290688,81.90222992446677
1765544881.35842,80.55872273259803
1765544881.4176826,85.6869262165803
1765544881.4808083,86.76421639686257
1765544881.5545597,86.35718833276354
1765544881.6207175,86.43228495688845
1765544881.683512,105.31519114986389
1765544881.7472548,124.7586619526087
1765544881.8145247,131.0821681835866
1765544881.8769386,130.91532645066178
1765544881.9379876,133.80954056395112
1765544882.0083354,159.51079855582782
1765544882.073698,159.27382948376567
1765544882.1376789,174.325079972402
1765544882.2016535,174.44389688276982
1765544882.273216,173.7763721390067
1765544882.3406923,157.99260967755734
1765544882.4027486,159.04439695817422
1765544882.4731834,162.54299549269317
1765544882.537843,163.6822992037602
1765544882.5978537,165.67593074038717
1765544882.6674116,166.03013494830674
1765544882.7343755,168.97090828480106
1765544882.797427,175.59099273974414
1765544882.866099,178.22325373489582
1765544882.9353182,178.4874031835071
1765544882.9959147,179.37348580974646
1765544883.054683,172.15719263398148
1765544883.1210916,173.79473924563263
1765544883.1842895,174.62689285458862
1765544883.2433448,174.78937675776226
1765544883.3115165,174.75673399052442
1765544883.375214,174.26193908450642
1765544883.4365442,173.6324070901218
1765544883.5043435,174.57829653524198
1765544883.5670106,179.06920357905068
1765544883.6239595,178.92316735650985
1765544883.6890216,151.3146658552085
1765544883.7507093,154.16385529677817
1765544883.8075457,156.0407449619868
1765544883.872273,156.01756082331886
1765544884.0422974,162.46609505762984
1765544884.0483437,169.10066446623247
1765544884.055586,173.3481020795757
1765544884.1136694,175.59732045906162
1765544884.1694732,178.48699940316803
1765544884.2334054,177.92070336542469
1765544884.295013,179.8506189185573
1765544884.3502975,166.87666043831257
1765544884.4133508,1.215611001361978
1765544884.4742222,179.41846482534226
1765544884.5293787,179.5718152382011
1765544884.5844448,179.62341606792899
1765544884.6449132,179.6906290335157
1765544884.7043307,179.9511111206578
1765544884.7598665,179.97190492310523
1765544884.8149853,179.82469609951704
1765544884.8754704,179.90529326685453
1765544884.934735,179.99764445784018
1765544884.9867835,179.49640901312716
1765544885.0480793,179.4727907352011
1765544885.1067264,179.4751272152958
1765544885.1601498,179.47664065992197
1765544885.22131,179.59257293901436
1765544885.2794266,179.60560667428126
1765544885.335879,179.60572691620797
1765544885.3981483,179.60572691620797
1765544885.4567966,178.7173334546755
