3.431788131488342
2.7111467629870614
11.141847701928032
7.23870996691559
10.106366983441601
7.59976734873591
11.32350090576042
12.968918902205237
13.916117837152745
13.6377067942982
9.79945515800885
9.878689814193287
11.37256411855459
10.436084239022254
10.465692035521887
13.743300053409527
11.431019587215847
12.166254289352544
11.348931345835915
10.92363386341499
11.58071677066652
12.104284386778023
11.82680096096367
9.473514929755613
11.437472049215197
12.528987238923673
12.013106340077446
10.97459593964148
11.2784670571089
9.935718617343845
11.079891480936519
13.541676217903808
10.60000151634238
12.863792918372667
11.193377331451003
7.469713699537674
12.380247350866318
13.814002048566168
12.089108197458415
12.434530744624396
12.782329116547254
9.694696964443798
12.862964462272599
13.56265076603698
10.234652793706413
11.84831638418079
12.643957024514355
12.136155831529727
12.804298317916782
13.623045117788251
9.475227036551756
13.032264479244345
12.752753166673761
9.42813534710062
12.79753953555072
13.035626264541254
11.122495034486782
11.82996990542915
10.715445575919842
10.939503245881031
13.623531857395282
14.08496034064731
12.330458198837011
11.00610093705145
13.203128984024554
12.178583042973287
10.792426807741988
12.108582497813165
9.770009131058643
10.161137073349177
10.701829946622304
9.667747697910544
11.504765875508474
12.875560617269928
12.37980885590994
9.41865045057588
13.055142618807505
10.1599556230576
10.702294166728331
12.629033229353599
9.828549468420398
11.423547579685318
12.183995793717882
9.061888167034315
12.28135559472707
13.9784040312475
12.212127388238308
11.82246726084775
12.031991187506454
11.045897460207103
12.701775212437994
13.70902625248405
13.649378923423878
10.327236913379624
13.52050493523909
14.108269928084656
11.93581195486689
12.277401149788659
11.994006291106663
13.517890407956736
12.094441689062158
11.610722946263467
14.285484629060713
11.352617489992069
11.891886374655163
10.525308847996346
12.87156982489305
10.904776018511297
11.786421026305362
14.268329937168108
12.761910557479203
8.453020012495214
8.328889859705908
12.59119700763102
11.92715691292726
11.554015376690348
12.497404756654968
11.963763320630719
13.095455013784512
13.078835275995186
12.870937847143374
12.837492309999602
12.776255067943184
11.473295201205785
12.873387106675015
11.744671318645624
11.042000789785442
12.119393669708336
12.572175362240646
12.207435692956057
12.678392977513655
13.379045480353941
9.30491922566676
12.421825763498946
13.966395173052206
12.210136531687578
11.642662240147896
13.2287807632018
12.333721490995918
12.946501549516626
13.890907645737979
11.446961344060783
10.672502105592606
13.674878389128706
11.725300100079952
10.36224207447229
12.584925588094094
12.940629830401797
9.222202922131462
11.88868417621415
13.01168609178251
12.882481218249167
12.543787925460489
10.102739874507726
7.744669693651641
8.186068298166758
11.277163114465395
10.251888787045525
10.87807787869514
11.627170233940339
12.261071143552881
11.820867928144253
11.31513079979821
10.94338500233515
10.345347767426603
10.567366487701273
10.435279336211078
11.700604515313737
12.399205373190805
10.411060639908655
11.498804693497094
12.410615426040282
11.458751212315763
10.492396440748774
11.778014281983527
10.877993241298107
10.951099599742038
13.429508196721311
10.155134217707005
11.967620716122019
13.524995566160941
11.587915624870496
12.59047887780556
10.719416480738907
9.050664077250904
10.56010312600709
12.306688379326028
10.607722286994722
10.337800234148746
12.251079266974722
12.02992060942591
10.589751358338887
10.18173343949663
13.949162745065435
13.461014349030293
6.332391746444893
7.684957886038539
11.005696622697801
11.415992117711742
11.549847445118795
11.25815378586364
10.864074224689242
14.020457553918357
13.080711559092837
10.85898325445564
11.349576248254662
13.31808352887757
10.632784832268188
10.591757008260164
11.834075378217173
11.166021973692267
11.085924222601065
12.066571345552465
11.229368802073294
11.299706078068468
12.614068749812036
11.777915061384492
10.095104686398109
12.248396055332806
12.283117940427974
12.656891530998687
13.017541681667515
12.618546776095695
11.55258330533077
11.3024769870869
13.478100477515634
11.06247444922418
12.902454180227515
12.051697286984306
9.813785567714659
12.513400062651968
13.403115662997108
9.309421499343017
12.08618200574585
12.094441689062158
12.429408801303897
12.892142940572574
12.963026835909371
11.576976900167542
10.179114185171702
12.264010923944667
6.543661813620564
10.04282136375173
14.284268350412592
12.019268408006534
10.260415621903935
12.738151856677327
13.091776251104168
12.54078749480495
13.032912399323854
12.194871198464849
13.619329343728387
12.82007048388132
12.24435556853014
13.815594613823816
10.757190817297458
9.462486689407475
12.780849008596128
8.675201972358847
9.59665399865922
11.522180099994506
12.432135065920516
11.070445583492138
13.006965075387793
9.722675790576595
12.118973458077864
14.159900070895649
10.61798040094274
12.311673520666202
11.963387954762618
11.170542160813255
9.55707511808763
10.616824700933018
12.179290318833846
10.227490301169713
10.34292421656918
11.447023825768948
11.631845763031492
11.172238174640805
11.800879515394334
9.986533205078144
8.50097387264867
11.74799382672825
8.357751182633717
12.790553851220718
13.034167927829381
9.98475019699051
11.258576862268248
11.988898067451958
11.35950470299242
9.786079762201965
12.697507000681147
13.860702436187228
10.659076585276598
11.843063951863156
10.842505538479832
10.041090315383252
10.180028300077911
9.043775254539888
12.403495438482352
13.000756307730457
10.892938023311379
10.293402049205472
11.453337993708493
11.03006619137908
11.794143285361587
13.773447479812559
11.789170714157223
12.902176353876678
14.214510356794275
12.770031268172533
12.538538113615914
11.602211839815883
10.97884748779562
11.0822920767619
11.000443237997823
10.54581843599298
12.757330218750761
11.769388339216666
9.616081581746817
11.42444992836403
10.322255473302882
11.146822296280941
6.016936290226559
9.631782117965853
12.058419006876884
10.33041636392744
10.992831851217012
11.069130869658158
12.059147065503966
12.05097012759771
12.266413986324846
13.484383489418066
8.844078017923037
11.207644374138244
13.624328415417699
9.282349764749103
12.220026104792094
13.83468844521115
12.052216740275451
12.060048593240076
11.727955753523863
11.318947743391012
10.19006965382027
12.268674441529114
11.641725093121499
12.062580526412663
12.870029487844318
13.662717556655124
11.886864747826284
11.206476521274464
13.632963768327922
14.119050584548267
11.830937605776825
11.604555163293087
14.094852760798046
12.077516254801573
12.865608004686987
13.935675934293764
11.544983360904594
12.159306094287222
13.847157477715418
11.840523045566053
12.780420620265584
13.755469485338729
9.845876487103165
6.2839968956848224
12.428193420113013
10.107706507358523
10.741020348584101
11.108473238571205
10.60935903273132
11.057370782606862
9.126762279653844
7.449389030974709
13.422717759330256
10.490533192602634
11.56640965397046
12.409587294261057
14.153974906693124
11.037322603819364
12.142093302647387
10.532894703799503
11.143061330216124
9.05447401938562
10.532339270423448
10.710875832816214
10.389552741612667
11.15197923978474
11.014511630838397
11.388621435883232
13.305029152206876
12.66924020274148
11.328547274485336
9.679483244445779
13.460841546504575
10.222305628197285
11.794275944682838
11.086920549494993
10.078367201785813
11.255404564092656
13.885527191347501
12.607243980883105
7.721017907634307
8.953464146045734
9.515510928205524
9.915495088710536
12.732583519269006
10.819989474879012
10.842505538479832
12.23449796689866
12.082978754051135
11.754479774455897
11.65210675600968
10.103202246920361
14.253008240591283
13.774171195875272
13.750869612256205
11.867592841479805
10.547383085678074
11.727332714482234
10.93072238133833
9.609824497090226
14.00996726568241
11.254921323229505
11.964787165458104
12.538538113615914
11.51297655025514
12.423076695239054
14.030822754110426
11.731301621397865
12.257595417616459
12.752869491716101
13.72459220235271
12.660444562500755
11.669223471411918
10.905087892173814
12.122581223211009
10.954274312338727
12.100862059016999
13.477970545988553
12.03416606175025
9.467506055017708
10.91189685180512
11.42818530083321
8.272054748592334
8.341379111470852
12.471133232834108
10.522509865705977
10.750215296288703
11.816904781358028
12.283729484671344
11.168995369223845
10.492081479091153
11.706613450186305
10.505141986965953
11.10747303441902
12.404632619985568
12.24174675955788
11.199175475743553
10.715472951395542
8.433745405409754
12.732854089761027
12.335535177549424
12.24696548965332
10.245177616617774
11.382841759029082
10.92033472018996
10.062071331412547
12.355957767722474
11.809485195571623
10.531889676784315
10.795815830656453
10.401456197519108
11.025861842347387
12.082317424469384
10.423013458976959
11.128485691088835
13.765130207906008
11.87279984148102
12.55185870157231
12.922847503581718
9.380670152665267
13.181013676588897
10.336271670958759
10.025921127487774
8.48180608526489
10.03434012368569
14.07791632403041
11.552010576181559
10.674294730680646
12.428414380831878
11.89134693622969
13.67862454016541
13.910533297957018
11.214356758606677
10.148475419435075
10.491346642086912
9.970817148372312
10.907129687658466
12.447815854530777
10.514754435355492
9.250841977339947
10.293503095925844
11.133064184337865
11.74227107170553
12.142198754023946
11.239539732135679
10.28441682952007
11.778675795368065
13.611285449571474
9.280829859359372
10.550540317549755
12.686676325667635
13.968534775600464
10.269962414759858
11.645151259384301
13.784447117438658
11.802971634398919
12.012796682256775
13.510401030761797
8.65402700834597
10.200701399393937
9.89008045424106
9.779850398254025
9.992814462561824
10.047007195761113
10.70131116004113
5.891753547578713
12.31427606758562
9.712454382097405
10.021824680956808
10.68136244986312
10.76053013704956
9.848165166695233
11.662701524327511
12.850629157232627
10.270012708035935
10.174422666407917
12.398618928250485
11.672925728948371
10.466501636987942
11.790430035587988
13.07239474898084
11.379382942472354
10.642119338379135
11.981329448396036
13.547318510096769
12.502210232946332
13.511402036549656
11.522306711792888
13.075777272741444
9.18066028546851
11.186600522750307
13.618577588446152
13.519807629079985
12.473840736599177
13.141038173296238
10.921728080659735
10.984166557548775
10.713693836368744
9.616125674616093
10.17338617742225
11.930413808012197
12.500607996948094
12.166183709401858
14.312637135769103
12.501092350565548
12.036099943468292
9.136503939477771
6.844446185077121
9.883042644335216
13.21144657059611
12.138192888935192
11.573814280510822
11.680890290023783
11.7041960715372
12.52524576848191
10.70792262465503
11.114920049396064
12.187854872173371
11.76239112023467
11.163347270980328
12.852834374703141
12.83018821751619
11.624592240301762
10.227041419685506
11.643050069259191
12.963788094207827
10.275850072641123
11.879996374512825
12.859060320380165
11.722318022386496
12.42638920161644
11.350712683244975
10.890053226015837
11.50561797752809
12.523450656283964
11.734189786903087
12.168160257619055
12.44626446246658
13.703158947082981
13.902418328383538
11.415743548150044
10.587799921745825
13.374864475312185
11.861685911521743
10.605388785500445
11.611944430601929
10.922780445629641
11.084547242013572
13.22223343084838
12.695277904734807
10.353468555531693
9.271720869365307
6.928279172565078
8.86106210955738
13.374480636469444
10.946269560406293
9.699135835871251
13.602412842549052
13.220733045024145
10.65888697163681
13.267949500669044
11.259392885137819
12.317784016821925
11.450086265260216
12.121004750950767
10.46979356481366
12.863950731634008
11.805596133764542
12.088446196767425
12.647121435528177
12.13576957018648
9.661712537662744
12.845630841980178
12.866594679493472
10.806274089494403
13.031616623583217
14.210802001700836
11.100946714553784
11.061365824070045
12.225333228402457
11.854846596288915
12.889052781670232
10.832228839429142
11.399516765098372
13.038746580452624
12.437111739082733
11.98896660540179
12.902811403117491
12.946501549516626
12.317060564770005
11.14877781676289
13.730477880277864
12.075708108045857
12.486020481066921
13.957053724439712
11.472039955034175
10.694271559735952
8.304845330001603
10.821859914288
10.09962604715225
11.327935353884547
10.08728694736184
10.49166155962729
12.762648377094624
10.139814866299043
12.439988966760884
12.75643782371601
10.248532103142509
12.348973054456378
12.571157967300573
10.555266429437848
13.423233247777357
13.15810542034496
12.158142959426517
13.100486000924526
10.137927700592666
11.6845674042584
11.368402792835768
12.467277996581705
11.800580701793873
13.420226789873807
13.249005764826661
11.052038840067983
11.881477116925204
11.918209613439265
11.758598938606845
11.661112702018166
11.715311198567674
10.52475421436422
12.010767098496043
12.610352126226669
11.685999827258113
12.188811168489238
12.616573016808847
10.788817894661028
11.074917947512812
12.321655929330408
9.824221485706255
13.445178166151637
13.272231908638982
13.020208730419883
11.939787297032634
10.212847190940103
8.331437674676371
7.664314912170101
12.500086427332494
13.293348419588044
12.144448819809595
12.631657566549313
14.454095891874381
11.740594768900035
11.342332987192801
11.269436622745738
9.844697885444564
11.555320461958917
13.038381791108804
13.577402417470008
11.3681871034365
10.52525602322716
12.44726174154069
11.352494579942132
11.213427333221047
10.730495782560755
12.036099943468292
13.47069837650346
14.186097009094814
11.117807347717754
10.433150836904908
11.957248948756325
10.796566147985121
11.650941535623907
13.50787741378644
11.416458214817457
11.531937357029738
14.106134748552998
11.250543844166852
12.102014259375208
12.486986966126219
11.75988470877189
10.533767646046858
13.57401899707115
13.454192021094029
10.938447656254075
12.141249757568916
10.66691081287973
8.503438432593747
6.698539651713961
9.856542940063685
9.150875968146613
13.0609560524767
12.097127645153568
10.250235220227228
12.401991744432223
15.024785158278974
13.404871937461248
12.089177885959527
12.560428832390022
13.236044621865977
11.368618490419774
12.97722498104918
12.063135612719156
11.121344858673172
11.509122390123837
14.094521210817787
11.103620989987876
12.22490563838004
13.340788875211913
10.182376103981861
9.74594529282189
10.954360140928571
11.929599417500029
11.901773502454528
11.710829917689498
11.096834959110836
12.232571161922538
12.380978244826874
11.908362789773292
11.466206666539092
11.770346153306487
12.541912488076479
13.275382502073139
11.592271273758426
13.55401662945022
11.586731198479525
12.75093101802451
11.954215878517033
13.17087293886382
10.59400423830488
7.640037159146797
7.972052322067338
12.494352032791573
12.802891277937523
12.017787557878329
10.816836317590656
13.42447917500168
11.521040719010262
11.664809813971727
12.408082122888501
11.155508863385508
10.504405319442009
14.158896266764788
13.769875246224556
10.197576488436777
13.211571414171958
11.61091579512676
12.997895819840032
10.936622252353263
11.938020151420277
13.8090446967103
11.904746226463292
11.60365624239205
11.600831968845421
9.844651671521351
11.295567470908077
12.452435382066705
11.600639454803932
10.987533171090789
13.609695475120464
11.58189996769232
12.448850330787748
13.10056783753225
13.468319311540684
13.207785541766516
13.23529281830718
13.712522149643318
11.881477116925204
13.713373984404374
13.304902536122698
12.235747146220291
13.131616599614908
9.388460238477363
8.762083026940303
12.106310758076061
12.844686715256936
11.56322092587283
11.58126037171108
13.904492277499495
14.259937715039506
12.317566972283078
12.809264513212987
13.050471232859664
11.715605709337728
11.96185261236596
10.782632838629569
9.640371704319005
10.889431215145441
13.582458719636792
11.949890453031559
12.387413834858267
12.525283172125052
11.72251459618389
12.51930142943703
12.135594004976564
12.453433650337441
10.326016524368027
13.122208526001614
11.820568101434203
10.83667874960922
9.771670732076668
9.30095752560128
11.19552851930248
12.416236442002557
10.799596267534554
10.353468555531693
12.361420075094458
10.66520202405472
12.810594699595919
10.953730762500946
6.490911989055698
9.926594908787973
11.653887403933249
12.264943343811682
13.428390310745135
11.827201155000113
12.752016490682946
12.560955449873621
13.169177441333275
12.056893835734572
10.898655566122553
12.891073102515636
12.163467003839596
13.357996382073429
13.750869612256205
12.728526341344987
12.542587580927318
13.339940270405226
11.446055435936481
11.020502324017121
10.423401997549659
9.914463809156858
9.463831784346775
10.957078742091046
11.318642293140764
11.321147471955603
12.11715287768745
11.328945058328765
11.098949195688817
12.057483060665385
12.66434373018509
10.53040893387965
12.491970455086967
10.911612975397318
10.216081001756143
10.920050404590567
11.665685789142854
11.202645277949161
11.87895334577597
12.90594787531924
11.320750235494485
11.306986423973171
13.015562306634848
11.372132432088021
11.021052520942161
12.04024606940581
11.785791760097561
12.43294580766791
11.92881906424998
9.53636698482568
13.099749517461943
13.690009367543908
11.130434782608695
12.379735776437114
8.881100549893812
6.790426742693211
8.98249461389209
13.893760517284784
12.530334715533622
11.834008599772027
11.73012050888365
10.776621000811913
12.958301022315457
11.719337461161901
12.58149029159705
12.543900469539732
12.867976278497556
11.96902091715892
9.071334799694617
13.230324709326167
11.250996528914092
12.209958808203426
12.384963134225671
12.01334719608635
12.249290328609979
12.106520421417232
13.420484433494385
12.510451465114059
10.570322580645161
11.502178783665567
11.19678376076818
10.617523466215737
12.189625909651019
14.228494277126826
12.995479487282767
12.322705745478476
13.177659297053935
11.622047593185773
13.322779221274244
11.50789086678812
9.949176062034333
12.49706962872032
12.760590461587139
11.087125697851464
11.828602047435066
11.590925797474721
11.530891146270053
8.85537480602561
9.56158500166415
10.172177207146685
8.379005659514197
10.772330933662763
13.47615176761267
11.378981608839911
9.871598499362182
13.213819002072976
12.63953712632594
13.058353596079664
12.959942651620956
10.943584873169026
11.960863378285506
13.07797889091561
11.409843200835683
10.627450483572227
12.818424921074909
12.853779699609879
11.482781183182805
10.912606607450423
13.46563846385987
12.590630056224466
13.298996464638458
10.753881141561994
11.893167737087605
9.776385470276722
10.253492755359225
12.106520421417232
13.420785030221776
11.707757152826238
10.549240052012989
12.484794003923168
10.254595774747749
11.043832463986393
11.614452493298774
14.20574827098024
11.556498474950336
10.681008841624903
11.489701382554124
11.281075847229694
11.471475183861237
10.490716863718108
8.223190303847797
6.715700213913333
10.680519268867805
11.436879490640381
12.970763778504852
11.495842172485432
13.78000893631561
12.96835752227712
11.6208561794702
11.191465858363774
13.440266606851027
11.886292080063706
11.998844258050859
12.926431928499884
10.073163233937903
10.142708250207361
12.856774146085773
9.315603726859822
10.550779176676267
11.037903529294114
11.13492619730275
11.417825652584613
10.420631055900621
10.551655086012145
11.403638894628662
11.338530909720044
12.265302004591113
12.074630431966375
10.286611207031862
11.771205015730287
11.62949140605721
13.727691663175534
13.943088133609914
11.532286136139302
12.685179920519227
9.917487940981745
10.243501196698091
12.142198754023946
12.52947379426745
9.003453864399868
6.891612033979067
9.834864106285744
11.61596428502192
13.035788322098007
13.28463287787512
11.085191743531464
10.418974374260987
12.004613742197137
11.840289069557363
8.76598359370918
11.85106154532971
10.028150425699277
9.172348488990261
9.896194228818159
11.865511320076834
13.70508430270553
10.695171457130618
8.866156945392744
10.519765140817693
10.170401282240915
12.91803157512181
12.967716004724185
13.935305531191027
11.854109494187838
12.314854560775597
12.051316383028242
7.992362644796289
8.99700336129767
11.072754392217426
11.924105188343994
8.644217511824655
10.756556304977817
8.801781213735156
12.002758660161113
13.694658033845622
11.90244899117455
10.613117408906882
11.139894611592725
13.000957797994513
7.709607452448
5.917513526478037
10.807638493430597
11.69593878620905
13.01229159815595
11.179980914911425
9.45612935516307
9.992100285399822
13.945452429637758
13.547449782138946
12.516238000173079
14.135419229382286
12.478887989717713
13.254699957969782
13.878910812787261
11.34979123201524
10.690319259021374
12.567805497791655
9.01227548834441
12.81325590133836
11.552296933657605
12.571459400486157
13.797461109045992
12.870147962220845
11.667924990193978
11.738886090120348
12.6958927495785
12.669929072872488
11.986910807728911
10.010941065274052
9.16543348003374
13.251601040083662
13.7912004445482
13.082343547260205
11.695416978038525
13.361570906125362
11.901942367446546
12.128891215143533
10.263528939634563
10.187644065532359
11.827701435633374
11.66659434681264
10.057173549200808
8.114076341076034
11.581548181160501
11.110062168397688
11.05489355757801
10.81131574538284
8.720510634758925
7.995013486080269
9.417043298645023
13.53136603982979
12.805236516397697
12.102363454319342
13.006440729473857
10.907526792238897
13.016410536507857
11.272283587304146
12.713440897696652
12.14311274268542
11.9019085940648
10.49189776018971
12.035167458623144
13.844552197176498
12.850550413461155
12.436079212735235
13.004666333873864
12.926113232434364
13.315631240257659
14.850352997826072
10.555824283682945
10.374185633511583
12.188492386376845
12.175684070575532
10.13888344996797
10.934398364912354
12.852204235343144
10.377727853049752
9.90825722749543
10.46107187038589
9.151774473331079
5.8810718647423466
12.696507653980161
12.49066841376435
13.337225460361676
13.296213992030458
11.759027497420716
13.80522677901389
13.994121160153343
11.17992131441183
13.276685184305904
13.196565491940737
12.483567767704606
12.228790679502954
11.741482163702582
11.58189996769232
11.88450705821683
12.298713332316822
11.904239407158487
11.208692654482483
10.671225906250637
10.409975379239139
9.651063633958053
8.927470094929973
7.495785043472044
11.360581584948998
10.702048398126129
8.936733619839218
6.004910670184787
9.866141639674352
10.37169725938986
10.707567255701864
13.751455699522635
11.706090689113344
9.173070656393456
7.3255914278977565
7.957743913545018
8.024657675772993
9.827328959700093
8.941344003615503
11.433076103222781
9.620559071318636
11.28702597388618
12.944823371829612
11.082819176062422
12.962185549168675
11.686585919715574
13.933361237899716
13.11105137134033
11.337182398097092
12.383427368520504
13.294359657046863
10.412120279324478
12.4558745356113
13.213485977834203
10.987734657843584
13.300852093448045
13.210614340383312
9.62155218292929
10.071953778990189
11.605968034710232
12.873426618499682
12.0788379352847
11.380834154137531
13.27034227028532
10.56497086909101
10.67364279734018
12.792855552471611
11.119605301180544
11.163436407092554
11.617251226315016
10.886067933068771
13.378874775918495
11.03534791451251
12.048270017953321
12.617218216330201
12.394881645438694
12.948859724679158
11.67120421179168
9.585249749188147
11.331087451608633
11.422863134387297
13.7513204441807
13.752492745544863
11.633652491318385
11.68632542692118
11.237582353398224
13.258261314856142
11.134778395741801
10.868184232687698
13.936787261756027
9.961486942230414
12.977144678178382
14.489698343167467
11.643599538065203
10.810674832078108
13.373201332759418
10.639230905816401
12.0481315834073
15.301535879756303
10.136653648350798
10.061829949646517
12.598912619026164
12.825441091031404
14.07154024222498
12.951378724718234
11.626525628338504
11.871858884001607
10.712353047844532
12.411974290077058
12.521282248771547
12.336841362189762
9.50419092204817
12.98465729676181
13.760523872483244
12.749419417593774
12.171868017063757
13.613229256260041
13.533549088632837
13.33769198969695
12.499676653166564
12.743260446194466
13.023726055811036
13.433293192241667
13.968534775600464
12.791529047231295
12.646244391914708
14.488346948997393
15.71265237620721
13.943737076216248
14.99947788148625
13.198766442192712
12.860874071303073
13.399861346725833
14.930440013811614
13.23667119007795
14.189552455927277
13.678446105480113
12.457354325750758
14.268960965619536
14.753506957635107
12.105332425162489
14.732726129550077
14.453547995809672
13.58175500859727
13.586330434219263
13.115356112082202
14.049198778069565
14.06564161035564
13.715481609375818
13.391604194071595
13.70884702375505
12.602054520817122
11.757082750520677
12.015515334857366
12.330748199323828
11.058391139163747
12.462351214352354
13.129725685629408
12.665491001328663
12.52640538530688
10.63052112137026
11.71334817177215
11.390631789345615
12.254587102353739
12.877616247831627
12.661705795163302
11.943357167061048
12.011936605398965
12.974053773153017
11.752635324841265
11.420126173173633
13.742984835974259
14.070784941258562
12.783225137911067
11.244662255632647
12.254050058577944
10.944584336862102
11.531081352288316
11.655247537958784
11.567940868222186
12.611717161998003
13.41872406589223
13.019319592748944
12.277904301345963
13.02368561598748
11.783970578732514
13.014552653299326
14.609412879315629
13.572218123454872
11.589580633484664
12.148282883284722
12.029023580224962
13.926560481849302
12.36018152885012
12.567541896260874
12.834467564259485
10.957966156603433
11.144926689022219
11.128692380555652
11.40218186167769
11.773980658834757
11.719533935007963
