1765188600.004655,"[[-300, 5, 0], [-300, 750, 0], [-300, 1500, 0], [-237, 1940, 0], [-328, 2963, 0], [-346, 3975, 0], [-343, 4983, 0]]","[[300, 1, 1], [300, 755, 1], [300, 1505, 1], [235, 1940, 1], [256, 2977, 1], [224, 3989, 1], [171, 4995, 1]]"
1765188600.205313,"[[-300, 5, 0], [-300, 750, 0], [-300, 1500, 0], [-237, 1940, 0], [-328, 2963, 0], [-346, 3975, 0], [-343, 4983, 0]]","[[300, 1, 1], [300, 755, 1], [300, 1505, 1], [235, 1940, 1], [256, 2977, 1], [224, 3989, 1], [171, 4995, 1]]"
1765188600.4062538,"[[-300, 5, 0], [-300, 750, 0], [-300, 1500, 0], [-237, 1940, 0], [-328, 2963, 0], [-346, 3975, 0], [-343, 4983, 0]]","[[300, 1, 1], [300, 755, 1], [300, 1505, 1], [235, 1940, 1], [256, 2977, 1], [224, 3989, 1], [171, 4995, 1]]"
1765188600.6071672,"[[-300, 5, 0], [-300, 750, 0], [-300, 1500, 0], [-237, 1940, 0], [-328, 2963, 0], [-346, 3975, 0], [-343, 4983, 0]]","[[300, 1, 1], [300, 755, 1], [300, 1505, 1], [235, 1940, 1], [256, 2977, 1], [224, 3989, 1], [171, 4995, 1]]"
1765188600.8078318,"[[-300, 5, 0], [-300, 750, 0], [-300, 1500, 0], [-237, 1940, 0], [-328, 2963, 0], [-346, 3975, 0], [-343, 4983, 0]]","[[300, 1, 1], [300, 755, 1], [300, 1505, 1], [235, 1940, 1], [256, 2977, 1], [224, 3989, 1], [171, 4995, 1]]"
1765188601.0089068,"[[-300, 5, 0], [-300, 750, 0], [-300, 1500, 0], [-237, 1940, 0], [-328, 2963, 0], [-346, 3975, 0], [-343, 4983, 0]]","[[300, 1, 1], [300, 755, 1], [300, 1505, 1], [235, 1940, 1], [256, 2977, 1], [224, 3989, 1], [171, 4995, 1]]"
1765188601.21001,"[[-300, 5, 0], [-300, 750, 0], [-300, 1500, 0], [-237, 1940, 0], [-328, 2963, 0], [-346, 3975, 0], [-343, 4983, 0]]","[[300, 1, 1], [300, 755, 1], [300, 1505, 1], [235, 1940, 1], [256, 2977, 1], [224, 3989, 1], [171, 4995, 1]]"
1765188601.4109368,"[[-300, 5, 0], [-300, 750, 0], [-300, 1500, 0], [-237, 1940, 0], [-328, 2963, 0], [-346, 3975, 0], [-343, 4983, 0]]","[[300, 1, 1], [300, 755, 1], [300, 1505, 1], [235, 1940, 1], [256, 2977, 1], [224, 3989, 1], [171, 4995, 1]]"
1765188601.611531,"[[-300, 5, 0], [-300, 750, 0], [-300, 1500, 0], [-237, 1940, 0], [-328, 2963, 0], [-346, 3975, 0], [-343, 4983, 0]]","[[300, 1, 1], [300, 755, 1], [300, 1505, 1], [235, 1940, 1], [256, 2977, 1], [224, 3989, 1], [171, 4995, 1]]"
1765188601.8121836,"[[-300, 5, 0], [-300, 750, 0], [-300, 1500, 0], [-237, 1940, 0], [-328, 2963, 0], [-346, 3975, 0], [-343, 4983, 0]]","[[300, 1, 1], [300, 755, 1], [300, 1505, 1], [235, 1940, 1], [256, 2977, 1], [224, 3989, 1], [171, 4995, 1]]"
1765188602.0160213,"[[-299, 744, 0], [-299, 1494, 0], [-237, 1934, 0], [-328, 2957, 0], [-346, 3969, 0], [-344, 4977, 0]]","[[300, 749, 1], [299, 1499, 1], [234, 1934, 1], [255, 2971, 1], [223, 3983, 1], [169, 4989, 1]]"
1765188602.2229354,"[[-298, 714, 0], [-298, 1464, 0], [-237, 1904, 0], [-329, 2927, 0], [-347, 3939, 0], [-346, 4947, 0]]","[[300, 720, 1], [299, 1470, 1], [233, 1905, 1], [253, 2942, 1], [221, 3954, 1], [166, 4960, 1]]"
1765188602.4274015,"[[-297, 702, 0], [-297, 1452, 0], [-237, 1892, 0], [-329, 2915, 0], [-347, 3927, 0], [-347, 4935, 0]]","[[300, 708, 1], [299, 1458, 1], [232, 1893, 1], [252, 2930, 1], [220, 3942, 1], [164, 4948, 1]]"
1765188602.6316335,"[[-296, 696, 0], [-296, 1446, 0], [-237, 1886, 0], [-329, 2909, 0], [-347, 3921, 0], [-348, 4929, 0]]","[[300, 702, 1], [299, 1452, 1], [231, 1887, 1], [251, 2924, 1], [219, 3936, 1], [162, 4942, 1]]"
1765188602.836309,"[[-295, 684, 0], [-295, 1434, 0], [-237, 1874, 0], [-329, 2897, 0], [-347, 3909, 0], [-349, 4917, 0]]","[[300, 690, 1], [299, 1440, 1], [230, 1875, 1], [250, 2912, 1], [218, 3924, 1], [160, 4930, 1]]"
1765188603.0404668,"[[-294, 672, 0], [-294, 1422, 0], [-237, 1862, 0], [-329, 2885, 0], [-347, 3897, 0], [-350, 4905, 0]]","[[300, 678, 1], [299, 1428, 1], [229, 1863, 1], [249, 2900, 1], [217, 3912, 1], [158, 4918, 1]]"
1765188603.2450035,"[[-293, 660, 0], [-293, 1410, 0], [-237, 1850, 0], [-329, 2873, 0], [-347, 3885, 0], [-351, 4893, 0]]","[[300, 666, 1], [299, 1416, 1], [228, 1851, 1], [248, 2888, 1], [216, 3900, 1], [156, 4906, 1]]"
1765188603.449547,"[[-292, 648, 0], [-292, 1398, 0], [-237, 1838, 0], [-329, 2861, 0], [-347, 3873, 0], [-352, 4881, 0]]","[[300, 654, 1], [299, 1404, 1], [227, 1839, 1], [247, 2876, 1], [215, 3888, 1], [154, 4894, 1]]"
1765188603.6538177,"[[-291, 636, 0], [-291, 1386, 0], [-237, 1826, 0], [-329, 2849, 0], [-347, 3861, 0], [-352, 4869, 0]]","[[300, 642, 1], [299, 1392, 1], [226, 1827, 1], [246, 2864, 1], [214, 3876, 1], [153, 4882, 1]]"
1765188603.8578196,"[[-290, 624, 0], [-290, 1374, 0], [-237, 1814, 0], [-329, 2837, 0], [-347, 3849, 0], [-353, 4857, 0]]","[[300, 630, 1], [299, 1380, 1], [225, 1815, 1], [245, 2852, 1], [213, 3864, 1], [151, 4870, 1]]"
1765188604.0620093,"[[-289, 612, 0], [-289, 1362, 0], [-237, 1802, 0], [-329, 2825, 0], [-347, 3837, 0], [-354, 4845, 0]]","[[300, 618, 1], [299, 1368, 1], [224, 1803, 1], [244, 2840, 1], [212, 3852, 1], [149, 4858, 1]]"
1765188604.2657733,"[[-288, 600, 0], [-288, 1350, 0], [-237, 1790, 0], [-329, 2813, 0], [-347, 3825, 0], [-355, 4833, 0]]","[[300, 606, 1], [299, 1356, 1], [223, 1791, 1], [243, 2828, 1], [211, 3840, 1], [147, 4846, 1]]"
1765188604.4695878,"[[-287, 594, 0], [-287, 1344, 0], [-237, 1784, 0], [-329, 2807, 0], [-347, 3819, 0], [-356, 4827, 0]]","[[300, 600, 1], [299, 1350, 1], [222, 1785, 1], [242, 2822, 1], [210, 3834, 1], [145, 4840, 1]]"
1765188604.6733263,"[[-286, 582, 0], [-286, 1332, 0], [-237, 1772, 0], [-329, 2795, 0], [-347, 3807, 0], [-357, 4815, 0]]","[[300, 588, 1], [299, 1338, 1], [221, 1773, 1], [241, 2810, 1], [209, 3822, 1], [143, 4828, 1]]"
1765188604.8778071,"[[-285, 570, 0], [-285, 1320, 0], [-237, 1760, 0], [-329, 2783, 0], [-347, 3795, 0], [-358, 4803, 0]]","[[300, 576, 1], [299, 1326, 1], [220, 1761, 1], [240, 2798, 1], [208, 3810, 1], [141, 4816, 1]]"
1765188605.0822756,"[[-284, 558, 0], [-284, 1308, 0], [-237, 1748, 0], [-329, 2771, 0], [-347, 3783, 0], [-359, 4791, 0]]","[[300, 564, 1], [299, 1314, 1], [219, 1749, 1], [239, 2786, 1], [207, 3798, 1], [139, 4804, 1]]"
1765188605.2855034,"[[-283, 546, 0], [-283, 1296, 0], [-237, 1736, 0], [-329, 2759, 0], [-347, 3771, 0], [-359, 4779, 0]]","[[300, 552, 1], [299, 1302, 1], [218, 1737, 1], [238, 2774, 1], [206, 3786, 1], [138, 4792, 1]]"
1765188605.4898436,"[[-282, 534, 0], [-282, 1284, 0], [-237, 1724, 0], [-329, 2747, 0], [-347, 3759, 0], [-360, 4767, 0]]","[[300, 540, 1], [299, 1290, 1], [217, 1725, 1], [237, 2762, 1], [205, 3774, 1], [136, 4780, 1]]"
1765188605.6943617,"[[-281, 522, 0], [-281, 1272, 0], [-237, 1712, 0], [-329, 2735, 0], [-347, 3747, 0], [-361, 4755, 0]]","[[300, 528, 1], [299, 1278, 1], [216, 1713, 1], [236, 2750, 1], [204, 3762, 1], [134, 4768, 1]]"
1765188605.8978474,"[[-280, 510, 0], [-280, 1260, 0], [-237, 1700, 0], [-329, 2723, 0], [-347, 3735, 0], [-362, 4743, 0]]","[[300, 516, 1], [299, 1266, 1], [215, 1701, 1], [235, 2738, 1], [203, 3750, 1], [132, 4756, 1]]"
1765188606.1015182,"[[-279, 498, 0], [-279, 1248, 0], [-237, 1688, 0], [-329, 2711, 0], [-347, 3723, 0], [-363, 4731, 0]]","[[300, 504, 1], [299, 1254, 1], [214, 1689, 1], [234, 2726, 1], [202, 3738, 1], [130, 4744, 1]]"
1765188606.3052197,"[[-278, 486, 0], [-278, 1236, 0], [-237, 1676, 0], [-329, 2699, 0], [-347, 3711, 0], [-364, 4719, 0]]","[[300, 492, 1], [299, 1242, 1], [213, 1677, 1], [233, 2714, 1], [201, 3726, 1], [128, 4732, 1]]"
1765188606.5088313,"[[-277, 480, 0], [-277, 1230, 0], [-237, 1670, 0], [-329, 2693, 0], [-347, 3705, 0], [-365, 4713, 0]]","[[300, 486, 1], [299, 1236, 1], [212, 1671, 1], [232, 2708, 1], [200, 3720, 1], [126, 4726, 1]]"
1765188606.7122426,"[[-276, 468, 0], [-276, 1218, 0], [-237, 1658, 0], [-329, 2681, 0], [-347, 3693, 0], [-366, 4701, 0]]","[[300, 474, 1], [299, 1224, 1], [211, 1659, 1], [231, 2696, 1], [199, 3708, 1], [124, 4714, 1]]"
1765188606.9163816,"[[-275, 456, 0], [-275, 1206, 0], [-237, 1646, 0], [-329, 2669, 0], [-347, 3681, 0], [-367, 4689, 0]]","[[300, 462, 1], [299, 1212, 1], [210, 1647, 1], [230, 2684, 1], [198, 3696, 1], [122, 4702, 1]]"
1765188607.1199322,"[[-274, 444, 0], [-274, 1194, 0], [-237, 1634, 0], [-329, 2657, 0], [-347, 3669, 0], [-367, 4677, 0]]","[[300, 450, 1], [299, 1200, 1], [209, 1635, 1], [229, 2672, 1], [197, 3684, 1], [121, 4690, 1]]"
1765188607.324165,"[[-273, 432, 0], [-273, 1182, 0], [-237, 1622, 0], [-329, 2645, 0], [-347, 3657, 0], [-368, 4665, 0]]","[[300, 438, 1], [299, 1188, 1], [208, 1623, 1], [228, 2660, 1], [196, 3672, 1], [119, 4678, 1]]"
1765188607.5285027,"[[-272, 420, 0], [-272, 1170, 0], [-237, 1610, 0], [-329, 2633, 0], [-347, 3645, 0], [-369, 4653, 0]]","[[300, 426, 1], [299, 1176, 1], [207, 1611, 1], [227, 2648, 1], [195, 3660, 1], [117, 4666, 1]]"
1765188607.7324688,"[[-271, 408, 0], [-271, 1158, 0], [-237, 1598, 0], [-329, 2621, 0], [-347, 3633, 0], [-370, 4641, 0]]","[[300, 414, 1], [299, 1164, 1], [206, 1599, 1], [226, 2636, 1], [194, 3648, 1], [115, 4654, 1]]"
1765188607.9369292,"[[-270, 396, 0], [-270, 1146, 0], [-237, 1586, 0], [-329, 2609, 0], [-347, 3621, 0], [-371, 4629, 0]]","[[300, 402, 1], [299, 1152, 1], [205, 1587, 1], [225, 2624, 1], [193, 3636, 1], [113, 4642, 1]]"
1765188608.1411932,"[[-269, 384, 0], [-269, 1134, 0], [-237, 1574, 0], [-329, 2597, 0], [-347, 3609, 0], [-372, 4617, 0]]","[[300, 390, 1], [299, 1140, 1], [204, 1575, 1], [224, 2612, 1], [192, 3624, 1], [111, 4630, 1]]"
1765188608.3455184,"[[-268, 378, 0], [-268, 1128, 0], [-237, 1568, 0], [-329, 2591, 0], [-347, 3603, 0], [-373, 4611, 0]]","[[300, 384, 1], [299, 1134, 1], [203, 1569, 1], [223, 2606, 1], [191, 3618, 1], [109, 4624, 1]]"
1765188608.5504806,"[[-267, 366, 0], [-267, 1116, 0], [-237, 1556, 0], [-329, 2579, 0], [-347, 3591, 0], [-374, 4599, 0]]","[[300, 372, 1], [299, 1122, 1], [202, 1557, 1], [222, 2594, 1], [190, 3606, 1], [107, 4612, 1]]"
1765188608.7553627,"[[-266, 354, 0], [-266, 1104, 0], [-237, 1544, 0], [-329, 2567, 0], [-347, 3579, 0], [-375, 4587, 0]]","[[300, 360, 1], [299, 1110, 1], [201, 1545, 1], [221, 2582, 1], [189, 3594, 1], [105, 4600, 1]]"
1765188608.9595208,"[[-265, 342, 0], [-265, 1092, 0], [-237, 1532, 0], [-329, 2555, 0], [-347, 3567, 0], [-376, 4575, 0]]","[[300, 348, 1], [299, 1098, 1], [200, 1533, 1], [220, 2570, 1], [188, 3582, 1], [103, 4588, 1]]"
1765188609.16351,"[[-264, 330, 0], [-264, 1080, 0], [-237, 1520, 0], [-329, 2543, 0], [-347, 3555, 0], [-376, 4563, 0]]","[[300, 336, 1], [299, 1086, 1], [199, 1521, 1], [219, 2558, 1], [187, 3570, 1], [102, 4576, 1]]"
1765188609.3676612,"[[-263, 318, 0], [-263, 1068, 0], [-237, 1508, 0], [-329, 2531, 0], [-347, 3543, 0], [-377, 4551, 0]]","[[300, 324, 1], [299, 1074, 1], [198, 1509, 1], [218, 2546, 1], [186, 3558, 1], [100, 4564, 1]]"
1765188609.5718527,"[[-262, 306, 0], [-262, 1056, 0], [-237, 1496, 0], [-329, 2519, 0], [-347, 3531, 0], [-378, 4539, 0]]","[[300, 312, 1], [299, 1062, 1], [197, 1497, 1], [217, 2534, 1], [185, 3546, 1], [98, 4552, 1]]"
1765188609.775705,"[[-261, 294, 0], [-261, 1044, 0], [-236, 1484, 0], [-329, 2507, 0], [-347, 3519, 0], [-379, 4527, 0]]","[[300, 300, 1], [299, 1050, 1], [197, 1485, 1], [216, 2522, 1], [184, 3534, 1], [96, 4540, 1]]"
1765188609.980758,"[[-260, 282, 0], [-260, 1032, 0], [-235, 1472, 0], [-329, 2495, 0], [-347, 3507, 0], [-380, 4515, 0]]","[[300, 288, 1], [299, 1038, 1], [197, 1473, 1], [215, 2510, 1], [183, 3522, 1], [94, 4528, 1]]"
1765188610.1850321,"[[-259, 276, 0], [-259, 1026, 0], [-234, 1466, 0], [-329, 2489, 0], [-347, 3501, 0], [-381, 4509, 0]]","[[300, 282, 1], [299, 1032, 1], [197, 1467, 1], [214, 2504, 1], [182, 3516, 1], [92, 4522, 1]]"
1765188610.3882947,"[[-258, 264, 0], [-258, 1014, 0], [-233, 1454, 0], [-329, 2477, 0], [-347, 3489, 0], [-382, 4497, 0]]","[[300, 270, 1], [299, 1020, 1], [197, 1455, 1], [213, 2492, 1], [181, 3504, 1], [90, 4510, 1]]"
1765188610.5930712,"[[-257, 252, 0], [-257, 1002, 0], [-232, 1442, 0], [-329, 2465, 0], [-347, 3477, 0], [-383, 4485, 0]]","[[300, 258, 1], [299, 1008, 1], [197, 1443, 1], [212, 2480, 1], [180, 3492, 1], [88, 4498, 1]]"
1765188610.7974138,"[[-256, 240, 0], [-256, 990, 0], [-231, 1430, 0], [-329, 2453, 0], [-347, 3465, 0], [-384, 4473, 0]]","[[300, 246, 1], [299, 996, 1], [197, 1431, 1], [211, 2468, 1], [179, 3480, 1], [86, 4486, 1]]"
1765188611.0018644,"[[-255, 228, 0], [-255, 978, 0], [-230, 1418, 0], [-329, 2441, 0], [-347, 3453, 0], [-384, 4461, 0]]","[[300, 234, 1], [299, 984, 1], [197, 1419, 1], [210, 2456, 1], [178, 3468, 1], [85, 4474, 1]]"
1765188611.2067173,"[[-254, 216, 0], [-254, 966, 0], [-229, 1406, 0], [-329, 2429, 0], [-347, 3441, 0], [-385, 4449, 0]]","[[300, 222, 1], [299, 972, 1], [197, 1407, 1], [209, 2444, 1], [177, 3456, 1], [83, 4462, 1]]"
1765188611.4103477,"[[-253, 204, 0], [-253, 954, 0], [-228, 1394, 0], [-329, 2417, 0], [-347, 3429, 0], [-386, 4437, 0]]","[[300, 210, 1], [299, 960, 1], [197, 1395, 1], [208, 2432, 1], [176, 3444, 1], [81, 4450, 1]]"
1765188611.6146016,"[[-252, 192, 0], [-252, 942, 0], [-227, 1382, 0], [-329, 2405, 0], [-347, 3417, 0], [-387, 4425, 0]]","[[300, 198, 1], [299, 948, 1], [197, 1383, 1], [207, 2420, 1], [175, 3432, 1], [79, 4438, 1]]"
1765188611.818947,"[[-251, 180, 0], [-251, 930, 0], [-226, 1370, 0], [-329, 2393, 0], [-347, 3405, 0], [-388, 4413, 0]]","[[300, 186, 1], [299, 936, 1], [197, 1371, 1], [206, 2408, 1], [174, 3420, 1], [77, 4426, 1]]"
1765188612.0233788,"[[-250, 168, 0], [-250, 918, 0], [-225, 1358, 0], [-329, 2381, 0], [-347, 3393, 0], [-389, 4401, 0]]","[[300, 174, 1], [299, 924, 1], [197, 1359, 1], [205, 2396, 1], [173, 3408, 1], [75, 4414, 1]]"
1765188612.2280612,"[[-249, 162, 0], [-249, 912, 0], [-224, 1352, 0], [-329, 2375, 0], [-347, 3387, 0], [-390, 4395, 0]]","[[300, 168, 1], [299, 918, 1], [197, 1353, 1], [204, 2390, 1], [172, 3402, 1], [73, 4408, 1]]"
1765188612.4327917,"[[-248, 150, 0], [-248, 900, 0], [-223, 1340, 0], [-329, 2363, 0], [-347, 3375, 0], [-391, 4383, 0]]","[[300, 156, 1], [299, 906, 1], [197, 1341, 1], [203, 2378, 1], [171, 3390, 1], [71, 4396, 1]]"
1765188612.6369143,"[[-247, 138, 0], [-247, 888, 0], [-222, 1328, 0], [-329, 2351, 0], [-347, 3363, 0], [-392, 4371, 0]]","[[300, 144, 1], [299, 894, 1], [197, 1329, 1], [202, 2366, 1], [170, 3378, 1], [69, 4384, 1]]"
1765188612.8416789,"[[-246, 126, 0], [-246, 876, 0], [-221, 1316, 0], [-329, 2339, 0], [-347, 3351, 0], [-393, 4359, 0]]","[[300, 132, 1], [299, 882, 1], [197, 1317, 1], [201, 2354, 1], [169, 3366, 1], [67, 4372, 1]]"
1765188613.045886,"[[-245, 114, 0], [-245, 864, 0], [-220, 1304, 0], [-329, 2327, 0], [-347, 3339, 0], [-393, 4347, 0]]","[[300, 120, 1], [299, 870, 1], [197, 1305, 1], [200, 2342, 1], [168, 3354, 1], [66, 4360, 1]]"
1765188613.2498522,"[[-244, 102, 0], [-244, 852, 0], [-219, 1292, 0], [-329, 2315, 0], [-347, 3327, 0], [-393, 4335, 0]]","[[300, 108, 1], [299, 858, 1], [197, 1293, 1], [199, 2330, 1], [167, 3342, 1], [65, 4348, 1]]"
1765188613.453925,"[[-243, 90, 0], [-243, 840, 0], [-218, 1280, 0], [-329, 2303, 0], [-347, 3315, 0], [-393, 4323, 0]]","[[300, 96, 1], [299, 846, 1], [197, 1281, 1], [198, 2318, 1], [166, 3330, 1], [64, 4336, 1]]"
1765188613.6584458,"[[-242, 78, 0], [-242, 828, 0], [-217, 1268, 0], [-329, 2291, 0], [-347, 3303, 0], [-393, 4311, 0]]","[[300, 84, 1], [299, 834, 1], [197, 1269, 1], [197, 2306, 1], [165, 3318, 1], [63, 4324, 1]]"
1765188613.8623512,"[[-241, 66, 0], [-241, 816, 0], [-216, 1256, 0], [-329, 2279, 0], [-347, 3291, 0], [-393, 4299, 0]]","[[300, 72, 1], [299, 822, 1], [197, 1257, 1], [196, 2294, 1], [164, 3306, 1], [62, 4312, 1]]"
1765188614.0657163,"[[-240, 60, 0], [-240, 810, 0], [-215, 1250, 0], [-329, 2273, 0], [-347, 3285, 0], [-393, 4293, 0]]","[[300, 66, 1], [299, 816, 1], [197, 1251, 1], [195, 2288, 1], [163, 3300, 1], [61, 4306, 1]]"
1765188614.2689788,"[[-239, 48, 0], [-239, 798, 0], [-214, 1238, 0], [-329, 2261, 0], [-347, 3273, 0], [-393, 4281, 0]]","[[300, 54, 1], [299, 804, 1], [197, 1239, 1], [194, 2276, 1], [162, 3288, 1], [60, 4294, 1]]"
1765188614.4735734,"[[-238, 36, 0], [-238, 786, 0], [-213, 1226, 0], [-329, 2249, 0], [-347, 3261, 0], [-393, 4269, 0]]","[[300, 42, 1], [299, 792, 1], [197, 1227, 1], [193, 2264, 1], [161, 3276, 1], [59, 4282, 1]]"
1765188614.6779835,"[[-237, 24, 0], [-237, 774, 0], [-212, 1214, 0], [-329, 2237, 0], [-347, 3249, 0], [-393, 4257, 0]]","[[300, 30, 1], [299, 780, 1], [197, 1215, 1], [192, 2252, 1], [160, 3264, 1], [58, 4270, 1]]"
1765188614.882243,"[[-236, 12, 0], [-236, 762, 0], [-211, 1202, 0], [-329, 2225, 0], [-347, 3237, 0], [-393, 4245, 0]]","[[300, 18, 1], [299, 768, 1], [197, 1203, 1], [191, 2240, 1], [159, 3252, 1], [57, 4258, 1]]"
1765188615.0864983,"[[-235, 0, 0], [-235, 750, 0], [-210, 1190, 0], [-329, 2213, 0], [-347, 3225, 0], [-393, 4233, 0]]","[[300, 6, 1], [299, 756, 1], [197, 1191, 1], [190, 2228, 1], [158, 3240, 1], [56, 4246, 1]]"
1765188615.290554,"[[-234, 738, 0], [-209, 1178, 0], [-329, 2201, 0], [-347, 3213, 0], [-393, 4221, 0]]","[[299, 744, 1], [197, 1179, 1], [189, 2216, 1], [157, 3228, 1], [55, 4234, 1]]"
1765188615.4953942,"[[-233, 726, 0], [-208, 1166, 0], [-329, 2189, 0], [-347, 3201, 0], [-393, 4209, 0]]","[[299, 732, 1], [197, 1167, 1], [188, 2204, 1], [156, 3216, 1], [54, 4222, 1]]"
1765188615.6997535,"[[-232, 714, 0], [-207, 1154, 0], [-329, 2177, 0], [-347, 3189, 0], [-393, 4197, 0]]","[[299, 720, 1], [197, 1155, 1], [187, 2192, 1], [155, 3204, 1], [53, 4210, 1]]"
1765188615.9042377,"[[-231, 708, 0], [-206, 1148, 0], [-329, 2171, 0], [-347, 3183, 0], [-393, 4191, 0]]","[[299, 714, 1], [197, 1149, 1], [186, 2186, 1], [154, 3198, 1], [52, 4204, 1]]"
1765188616.1087737,"[[-230, 696, 0], [-205, 1136, 0], [-329, 2159, 0], [-347, 3171, 0], [-393, 4179, 0]]","[[299, 702, 1], [197, 1137, 1], [185, 2174, 1], [153, 3186, 1], [51, 4192, 1]]"
1765188616.3131974,"[[-229, 684, 0], [-204, 1124, 0], [-329, 2147, 0], [-347, 3159, 0], [-393, 4167, 0]]","[[299, 690, 1], [197, 1125, 1], [184, 2162, 1], [152, 3174, 1], [50, 4180, 1]]"
1765188616.5164664,"[[-228, 672, 0], [-203, 1112, 0], [-329, 2135, 0], [-347, 3147, 0], [-393, 4155, 0]]","[[299, 678, 1], [197, 1113, 1], [183, 2150, 1], [151, 3162, 1], [49, 4168, 1]]"
1765188616.7196286,"[[-227, 660, 0], [-202, 1100, 0], [-329, 2123, 0], [-347, 3135, 0], [-393, 4143, 0]]","[[299, 666, 1], [197, 1101, 1], [182, 2138, 1], [150, 3150, 1], [48, 4156, 1]]"
1765188616.9239795,"[[-226, 648, 0], [-201, 1088, 0], [-329, 2111, 0], [-347, 3123, 0], [-393, 4131, 0]]","[[299, 654, 1], [197, 1089, 1], [181, 2126, 1], [149, 3138, 1], [47, 4144, 1]]"
1765188617.128282,"[[-225, 636, 0], [-200, 1076, 0], [-329, 2099, 0], [-347, 3111, 0], [-393, 4119, 0]]","[[299, 642, 1], [197, 1077, 1], [180, 2114, 1], [148, 3126, 1], [46, 4132, 1]]"
1765188617.3324246,"[[-224, 624, 0], [-199, 1064, 0], [-329, 2087, 0], [-347, 3099, 0], [-393, 4107, 0]]","[[299, 630, 1], [197, 1065, 1], [179, 2102, 1], [147, 3114, 1], [45, 4120, 1]]"
1765188617.5368822,"[[-223, 618, 0], [-198, 1058, 0], [-329, 2081, 0], [-347, 3093, 0], [-393, 4101, 0]]","[[299, 624, 1], [197, 1059, 1], [178, 2096, 1], [146, 3108, 1], [44, 4114, 1]]"
1765188617.7413256,"[[-222, 606, 0], [-197, 1046, 0], [-329, 2069, 0], [-347, 3081, 0], [-393, 4089, 0]]","[[299, 612, 1], [197, 1047, 1], [177, 2084, 1], [145, 3096, 1], [43, 4102, 1]]"
1765188617.9444702,"[[-221, 594, 0], [-196, 1034, 0], [-329, 2057, 0], [-347, 3069, 0], [-393, 4077, 0]]","[[299, 600, 1], [197, 1035, 1], [176, 2072, 1], [144, 3084, 1], [42, 4090, 1]]"
1765188618.1490216,"[[-220, 582, 0], [-195, 1022, 0], [-329, 2045, 0], [-347, 3057, 0], [-393, 4065, 0]]","[[299, 588, 1], [197, 1023, 1], [175, 2060, 1], [143, 3072, 1], [41, 4078, 1]]"
1765188618.353824,"[[-219, 570, 0], [-194, 1010, 0], [-329, 2033, 0], [-347, 3045, 0], [-393, 4053, 0]]","[[299, 576, 1], [197, 1011, 1], [174, 2048, 1], [142, 3060, 1], [40, 4066, 1]]"
1765188618.558518,"[[-218, 558, 0], [-193, 998, 0], [-329, 2021, 0], [-347, 3033, 0], [-393, 4041, 0]]","[[299, 564, 1], [197, 999, 1], [173, 2036, 1], [141, 3048, 1], [39, 4054, 1]]"
1765188618.7636602,"[[-217, 546, 0], [-192, 986, 0], [-329, 2009, 0], [-347, 3021, 0], [-393, 4029, 0]]","[[299, 552, 1], [197, 987, 1], [172, 2024, 1], [140, 3036, 1], [38, 4042, 1]]"
1765188618.9680953,"[[-216, 534, 0], [-191, 974, 0], [-329, 1997, 0], [-347, 3009, 0], [-393, 4017, 0]]","[[299, 540, 1], [197, 975, 1], [171, 2012, 1], [139, 3024, 1], [37, 4030, 1]]"
1765188619.1727262,"[[-215, 522, 0], [-190, 962, 0], [-329, 1985, 0], [-347, 2997, 0], [-393, 4005, 0]]","[[299, 528, 1], [197, 963, 1], [170, 2000, 1], [138, 3012, 1], [36, 4018, 1]]"
1765188619.377066,"[[-214, 516, 0], [-189, 956, 0], [-329, 1979, 0], [-347, 2991, 0], [-393, 3999, 0]]","[[299, 522, 1], [197, 957, 1], [169, 1994, 1], [137, 3006, 1], [35, 4012, 1]]"
1765188619.5804913,"[[-213, 504, 0], [-188, 944, 0], [-329, 1967, 0], [-347, 2979, 0], [-393, 3987, 0]]","[[299, 510, 1], [197, 945, 1], [168, 1982, 1], [136, 2994, 1], [34, 4000, 1]]"
1765188619.784448,"[[-212, 492, 0], [-187, 932, 0], [-329, 1955, 0], [-347, 2967, 0], [-393, 3975, 0]]","[[299, 498, 1], [197, 933, 1], [167, 1970, 1], [135, 2982, 1], [33, 3988, 1]]"
1765188619.988857,"[[-211, 480, 0], [-186, 920, 0], [-329, 1943, 0], [-347, 2955, 0], [-393, 3963, 0]]","[[299, 486, 1], [197, 921, 1], [166, 1958, 1], [134, 2970, 1], [32, 3976, 1]]"
1765188620.1937137,"[[-210, 468, 0], [-185, 908, 0], [-329, 1931, 0], [-347, 2943, 0], [-393, 3951, 0]]","[[299, 474, 1], [197, 909, 1], [165, 1946, 1], [133, 2958, 1], [31, 3964, 1]]"
1765188620.3987257,"[[-209, 456, 0], [-184, 896, 0], [-329, 1919, 0], [-347, 2931, 0], [-393, 3939, 0]]","[[299, 462, 1], [197, 897, 1], [164, 1934, 1], [132, 2946, 1], [30, 3952, 1]]"
1765188620.6035724,"[[-208, 444, 0], [-183, 884, 0], [-329, 1907, 0], [-347, 2919, 0], [-393, 3927, 0]]","[[299, 450, 1], [197, 885, 1], [163, 1922, 1], [131, 2934, 1], [29, 3940, 1]]"
1765188620.8075614,"[[-207, 432, 0], [-182, 872, 0], [-329, 1895, 0], [-347, 2907, 0], [-393, 3915, 0]]","[[299, 438, 1], [197, 873, 1], [162, 1910, 1], [130, 2922, 1], [28, 3928, 1]]"
1765188621.012014,"[[-206, 420, 0], [-181, 860, 0], [-329, 1883, 0], [-347, 2895, 0], [-393, 3903, 0]]","[[299, 426, 1], [197, 861, 1], [161, 1898, 1], [129, 2910, 1], [27, 3916, 1]]"
1765188621.2159007,"[[-205, 414, 0], [-180, 854, 0], [-329, 1877, 0], [-347, 2889, 0], [-393, 3897, 0]]","[[299, 420, 1], [197, 855, 1], [160, 1892, 1], [128, 2904, 1], [26, 3910, 1]]"
1765188621.4192832,"[[-204, 402, 0], [-179, 842, 0], [-329, 1865, 0], [-347, 2877, 0], [-393, 3885, 0]]","[[299, 408, 1], [197, 843, 1], [159, 1880, 1], [127, 2892, 1], [25, 3898, 1]]"
1765188621.6225758,"[[-203, 390, 0], [-178, 830, 0], [-329, 1853, 0], [-347, 2865, 0], [-393, 3873, 0]]","[[299, 396, 1], [197, 831, 1], [158, 1868, 1], [126, 2880, 1], [24, 3886, 1]]"
1765188621.8272638,"[[-202, 378, 0], [-177, 818, 0], [-329, 1841, 0], [-347, 2853, 0], [-393, 3861, 0]]","[[299, 384, 1], [197, 819, 1], [157, 1856, 1], [125, 2868, 1], [23, 3874, 1]]"
1765188622.0316424,"[[-201, 366, 0], [-176, 806, 0], [-329, 1829, 0], [-347, 2841, 0], [-393, 3849, 0]]","[[299, 372, 1], [197, 807, 1], [156, 1844, 1], [124, 2856, 1], [22, 3862, 1]]"
1765188622.2363284,"[[-200, 354, 0], [-175, 794, 0], [-329, 1817, 0], [-347, 2829, 0], [-393, 3837, 0]]","[[299, 360, 1], [197, 795, 1], [155, 1832, 1], [123, 2844, 1], [21, 3850, 1]]"
1765188622.440948,"[[-199, 342, 0], [-174, 782, 0], [-329, 1805, 0], [-347, 2817, 0], [-393, 3825, 0]]","[[299, 348, 1], [197, 783, 1], [154, 1820, 1], [122, 2832, 1], [20, 3838, 1]]"
1765188622.6455173,"[[-198, 330, 0], [-173, 770, 0], [-329, 1793, 0], [-347, 2805, 0], [-393, 3813, 0]]","[[299, 336, 1], [197, 771, 1], [153, 1808, 1], [121, 2820, 1], [19, 3826, 1]]"
1765188622.849584,"[[-197, 318, 0], [-172, 758, 0], [-329, 1781, 0], [-347, 2793, 0], [-393, 3801, 0]]","[[299, 324, 1], [197, 759, 1], [152, 1796, 1], [120, 2808, 1], [18, 3814, 1]]"
1765188623.053415,"[[-196, 312, 0], [-171, 752, 0], [-329, 1775, 0], [-347, 2787, 0], [-393, 3795, 0]]","[[299, 318, 1], [197, 753, 1], [151, 1790, 1], [119, 2802, 1], [17, 3808, 1]]"
1765188623.2579381,"[[-195, 300, 0], [-170, 740, 0], [-329, 1763, 0], [-347, 2775, 0], [-393, 3783, 0]]","[[299, 306, 1], [197, 741, 1], [150, 1778, 1], [118, 2790, 1], [16, 3796, 1]]"
1765188623.4629085,"[[-194, 288, 0], [-169, 728, 0], [-329, 1751, 0], [-347, 2763, 0], [-393, 3771, 0]]","[[299, 294, 1], [197, 729, 1], [149, 1766, 1], [117, 2778, 1], [15, 3784, 1]]"
1765188623.6676645,"[[-193, 276, 0], [-168, 716, 0], [-329, 1739, 0], [-347, 2751, 0], [-393, 3759, 0]]","[[299, 282, 1], [197, 717, 1], [148, 1754, 1], [116, 2766, 1], [14, 3772, 1]]"
1765188623.8716323,"[[-192, 264, 0], [-167, 704, 0], [-329, 1727, 0], [-347, 2739, 0], [-393, 3747, 0]]","[[299, 270, 1], [197, 705, 1], [147, 1742, 1], [115, 2754, 1], [13, 3760, 1]]"
1765188624.0757494,"[[-191, 252, 0], [-166, 692, 0], [-329, 1715, 0], [-347, 2727, 0], [-393, 3735, 0]]","[[299, 258, 1], [197, 693, 1], [146, 1730, 1], [114, 2742, 1], [12, 3748, 1]]"
1765188624.2790737,"[[-190, 240, 0], [-165, 680, 0], [-329, 1703, 0], [-347, 2715, 0], [-393, 3723, 0]]","[[299, 246, 1], [197, 681, 1], [145, 1718, 1], [113, 2730, 1], [11, 3736, 1]]"
1765188624.4824855,"[[-189, 228, 0], [-164, 668, 0], [-329, 1691, 0], [-347, 2703, 0], [-393, 3711, 0]]","[[299, 234, 1], [197, 669, 1], [144, 1706, 1], [112, 2718, 1], [10, 3724, 1]]"
1765188624.687105,"[[-188, 216, 0], [-163, 656, 0], [-329, 1679, 0], [-347, 2691, 0], [-393, 3699, 0]]","[[299, 222, 1], [197, 657, 1], [143, 1694, 1], [111, 2706, 1], [9, 3712, 1]]"
1765188624.8919458,"[[-187, 210, 0], [-162, 650, 0], [-329, 1673, 0], [-347, 2685, 0], [-393, 3693, 0]]","[[299, 216, 1], [197, 651, 1], [142, 1688, 1], [110, 2700, 1], [8, 3706, 1]]"
1765188625.0963354,"[[-186, 198, 0], [-161, 638, 0], [-329, 1661, 0], [-347, 2673, 0], [-393, 3681, 0]]","[[299, 204, 1], [197, 639, 1], [141, 1676, 1], [109, 2688, 1], [7, 3694, 1]]"
1765188625.3004851,"[[-185, 186, 0], [-160, 626, 0], [-329, 1649, 0], [-347, 2661, 0], [-393, 3669, 0]]","[[299, 192, 1], [197, 627, 1], [140, 1664, 1], [108, 2676, 1], [6, 3682, 1]]"
1765188625.5045698,"[[-184, 174, 0], [-159, 614, 0], [-329, 1637, 0], [-347, 2649, 0], [-393, 3657, 0]]","[[299, 180, 1], [197, 615, 1], [139, 1652, 1], [107, 2664, 1], [5, 3670, 1]]"
1765188625.7078598,"[[-183, 162, 0], [-158, 602, 0], [-329, 1625, 0], [-347, 2637, 0], [-393, 3645, 0]]","[[299, 168, 1], [197, 603, 1], [138, 1640, 1], [106, 2652, 1], [4, 3658, 1]]"
1765188625.9125903,"[[-182, 150, 0], [-157, 590, 0], [-329, 1613, 0], [-347, 2625, 0], [-393, 3633, 0]]","[[299, 156, 1], [197, 591, 1], [137, 1628, 1], [105, 2640, 1], [3, 3646, 1]]"
1765188626.116712,"[[-181, 138, 0], [-156, 578, 0], [-329, 1601, 0], [-347, 2613, 0], [-393, 3621, 0]]","[[299, 144, 1], [197, 579, 1], [136, 1616, 1], [104, 2628, 1], [2, 3634, 1]]"
1765188626.320117,"[[-180, 126, 0], [-155, 566, 0], [-329, 1589, 0], [-347, 2601, 0], [-393, 3609, 0]]","[[299, 132, 1], [197, 567, 1], [135, 1604, 1], [103, 2616, 1], [1, 3622, 1]]"
1765188626.5243142,"[[-179, 120, 0], [-154, 560, 0], [-329, 1583, 0], [-347, 2595, 0], [-393, 3603, 0]]","[[299, 126, 1], [197, 561, 1], [134, 1598, 1], [102, 2610, 1], [0, 3616, 1]]"
1765188626.7281792,"[[-178, 108, 0], [-153, 548, 0], [-329, 1571, 0], [-347, 2583, 0], [-393, 3591, 0]]","[[299, 114, 1], [197, 549, 1], [133, 1586, 1], [101, 2598, 1], [0, 3604, 1]]"
1765188626.9324443,"[[-177, 96, 0], [-152, 536, 0], [-329, 1559, 0], [-347, 2571, 0], [-393, 3579, 0]]","[[299, 102, 1], [197, 537, 1], [132, 1574, 1], [100, 2586, 1], [0, 3592, 1]]"
1765188627.1369822,"[[-176, 84, 0], [-151, 524, 0], [-329, 1547, 0], [-347, 2559, 0], [-393, 3567, 0]]","[[299, 90, 1], [197, 525, 1], [131, 1562, 1], [99, 2574, 1], [0, 3580, 1]]"
1765188627.3409324,"[[-175, 72, 0], [-150, 512, 0], [-329, 1535, 0], [-347, 2547, 0], [-393, 3555, 0]]","[[299, 78, 1], [197, 513, 1], [130, 1550, 1], [98, 2562, 1], [0, 3568, 1]]"
1765188627.545877,"[[-174, 60, 0], [-149, 500, 0], [-329, 1523, 0], [-347, 2535, 0], [-393, 3543, 0]]","[[299, 66, 1], [197, 501, 1], [129, 1538, 1], [97, 2550, 1], [0, 3556, 1]]"
1765188627.750208,"[[-173, 48, 0], [-148, 488, 0], [-329, 1511, 0], [-347, 2523, 0], [-393, 3531, 0]]","[[299, 54, 1], [197, 489, 1], [128, 1526, 1], [96, 2538, 1], [0, 3544, 1]]"
1765188627.9544594,"[[-172, 36, 0], [-147, 476, 0], [-329, 1499, 0], [-347, 2511, 0], [-393, 3519, 0]]","[[299, 42, 1], [197, 477, 1], [127, 1514, 1], [95, 2526, 1], [0, 3532, 1]]"
1765188628.1588602,"[[-171, 24, 0], [-146, 464, 0], [-328, 1487, 0], [-347, 2499, 0], [-393, 3507, 0]]","[[299, 30, 1], [197, 465, 1], [126, 1502, 1], [94, 2514, 1], [0, 3520, 1]]"
1765188628.3630304,"[[-170, 18, 0], [-145, 458, 0], [-327, 1481, 0], [-347, 2493, 0], [-393, 3501, 0]]","[[299, 24, 1], [197, 459, 1], [125, 1496, 1], [93, 2508, 1], [0, 3514, 1]]"
1765188628.5674257,"[[-169, 6, 0], [-144, 446, 0], [-326, 1469, 0], [-347, 2481, 0], [-393, 3489, 0]]","[[299, 12, 1], [197, 447, 1], [125, 1484, 1], [92, 2496, 1], [0, 3502, 1]]"
1765188628.7722507,"[[-168, -5, 0], [-143, 434, 0], [-325, 1457, 0], [-347, 2469, 0], [-393, 3477, 0]]","[[299, 0, 1], [197, 435, 1], [125, 1472, 1], [91, 2484, 1], [0, 3490, 1]]"
1765188628.9766865,"[[-142, 422, 0], [-324, 1445, 0], [-347, 2457, 0], [-393, 3465, 0]]","[[197, 423, 1], [125, 1460, 1], [90, 2472, 1], [0, 3478, 1]]"
1765188629.1813383,"[[-141, 410, 0], [-323, 1433, 0], [-347, 2445, 0], [-393, 3453, 0]]","[[197, 411, 1], [125, 1448, 1], [89, 2460, 1], [0, 3466, 1]]"
1765188629.3859859,"[[-140, 398, 0], [-322, 1421, 0], [-347, 2433, 0], [-393, 3441, 0]]","[[197, 399, 1], [125, 1436, 1], [88, 2448, 1], [0, 3454, 1]]"
1765188629.5895681,"[[-139, 386, 0], [-321, 1409, 0], [-347, 2421, 0], [-393, 3429, 0]]","[[197, 387, 1], [125, 1424, 1], [87, 2436, 1], [0, 3442, 1]]"
1765188629.7939007,"[[-138, 374, 0], [-320, 1397, 0], [-347, 2409, 0], [-393, 3417, 0]]","[[197, 375, 1], [125, 1412, 1], [86, 2424, 1], [0, 3430, 1]]"
1765188629.9983842,"[[-137, 362, 0], [-319, 1385, 0], [-347, 2397, 0], [-393, 3405, 0]]","[[197, 363, 1], [125, 1400, 1], [85, 2412, 1], [0, 3418, 1]]"
1765188630.202477,"[[-136, 356, 0], [-318, 1379, 0], [-347, 2391, 0], [-393, 3399, 0]]","[[197, 357, 1], [125, 1394, 1], [84, 2406, 1], [0, 3412, 1]]"
1765188630.406948,"[[-135, 344, 0], [-317, 1367, 0], [-347, 2379, 0], [-393, 3387, 0]]","[[197, 345, 1], [125, 1382, 1], [83, 2394, 1], [0, 3400, 1]]"
1765188630.6114054,"[[-134, 332, 0], [-316, 1355, 0], [-347, 2367, 0], [-393, 3375, 0]]","[[197, 333, 1], [125, 1370, 1], [82, 2382, 1], [0, 3388, 1]]"
1765188630.8164027,"[[-133, 320, 0], [-315, 1343, 0], [-347, 2355, 0], [-393, 3363, 0]]","[[197, 321, 1], [125, 1358, 1], [81, 2370, 1], [0, 3376, 1]]"
1765188631.0196548,"[[-132, 308, 0], [-314, 1331, 0], [-347, 2343, 0], [-393, 3351, 0]]","[[197, 309, 1], [125, 1346, 1], [80, 2358, 1], [0, 3364, 1]]"
1765188631.2239306,"[[-131, 296, 0], [-313, 1319, 0], [-347, 2331, 0], [-393, 3339, 0]]","[[197, 297, 1], [125, 1334, 1], [79, 2346, 1], [0, 3352, 1]]"
1765188631.4288037,"[[-130, 284, 0], [-312, 1307, 0], [-347, 2319, 0], [-393, 3327, 0]]","[[197, 285, 1], [125, 1322, 1], [78, 2334, 1], [0, 3340, 1]]"
1765188631.6333923,"[[-129, 272, 0], [-311, 1295, 0], [-347, 2307, 0], [-393, 3315, 0]]","[[197, 273, 1], [125, 1310, 1], [77, 2322, 1], [0, 3328, 1]]"
1765188631.8377476,"[[-128, 260, 0], [-310, 1283, 0], [-347, 2295, 0], [-393, 3303, 0]]","[[197, 261, 1], [125, 1298, 1], [76, 2310, 1], [0, 3316, 1]]"
1765188632.0424242,"[[-127, 254, 0], [-309, 1277, 0], [-347, 2289, 0], [-393, 3297, 0]]","[[197, 255, 1], [125, 1292, 1], [75, 2304, 1], [0, 3310, 1]]"
1765188632.247051,"[[-126, 242, 0], [-308, 1265, 0], [-347, 2277, 0], [-393, 3285, 0]]","[[197, 243, 1], [125, 1280, 1], [74, 2292, 1], [0, 3298, 1]]"
1765188632.452043,"[[-125, 230, 0], [-307, 1253, 0], [-347, 2265, 0], [-393, 3273, 0]]","[[197, 231, 1], [125, 1268, 1], [73, 2280, 1], [0, 3286, 1]]"
1765188632.656005,"[[-124, 218, 0], [-306, 1241, 0], [-347, 2253, 0], [-393, 3261, 0]]","[[197, 219, 1], [125, 1256, 1], [72, 2268, 1], [0, 3274, 1]]"
1765188632.8605754,"[[-123, 206, 0], [-305, 1229, 0], [-347, 2241, 0], [-393, 3249, 0]]","[[197, 207, 1], [125, 1244, 1], [71, 2256, 1], [0, 3262, 1]]"
1765188633.0648036,"[[-122, 194, 0], [-304, 1217, 0], [-347, 2229, 0], [-393, 3237, 0]]","[[197, 195, 1], [125, 1232, 1], [70, 2244, 1], [0, 3250, 1]]"
1765188633.2688768,"[[-121, 182, 0], [-303, 1205, 0], [-347, 2217, 0], [-393, 3225, 0]]","[[197, 183, 1], [125, 1220, 1], [69, 2232, 1], [0, 3238, 1]]"
1765188633.473223,"[[-120, 170, 0], [-302, 1193, 0], [-347, 2205, 0], [-393, 3213, 0]]","[[197, 171, 1], [125, 1208, 1], [68, 2220, 1], [0, 3226, 1]]"
1765188633.6777265,"[[-119, 158, 0], [-301, 1181, 0], [-347, 2193, 0], [-393, 3201, 0]]","[[197, 159, 1], [125, 1196, 1], [67, 2208, 1], [0, 3214, 1]]"
1765188633.8819282,"[[-118, 152, 0], [-300, 1175, 0], [-347, 2187, 0], [-393, 3195, 0]]","[[197, 153, 1], [125, 1190, 1], [66, 2202, 1], [0, 3208, 1]]"
1765188634.0863228,"[[-117, 140, 0], [-299, 1163, 0], [-347, 2175, 0], [-393, 3183, 0]]","[[197, 141, 1], [125, 1178, 1], [65, 2190, 1], [0, 3196, 1]]"
1765188634.2903137,"[[-116, 128, 0], [-298, 1151, 0], [-347, 2163, 0], [-393, 3171, 0]]","[[197, 129, 1], [125, 1166, 1], [64, 2178, 1], [0, 3184, 1]]"
1765188634.4950087,"[[-115, 116, 0], [-297, 1139, 0], [-347, 2151, 0], [-393, 3159, 0]]","[[197, 117, 1], [125, 1154, 1], [63, 2166, 1], [0, 3172, 1]]"
1765188634.6991587,"[[-114, 104, 0], [-296, 1127, 0], [-347, 2139, 0], [-393, 3147, 0]]","[[197, 105, 1], [125, 1142, 1], [62, 2154, 1], [0, 3160, 1]]"
1765188634.9039333,"[[-113, 92, 0], [-295, 1115, 0], [-347, 2127, 0], [-393, 3135, 0]]","[[197, 93, 1], [125, 1130, 1], [61, 2142, 1], [0, 3148, 1]]"
1765188635.1076257,"[[-112, 80, 0], [-294, 1103, 0], [-347, 2115, 0], [-393, 3123, 0]]","[[197, 81, 1], [125, 1118, 1], [60, 2130, 1], [0, 3136, 1]]"
1765188635.311606,"[[-111, 68, 0], [-293, 1091, 0], [-347, 2103, 0], [-393, 3111, 0]]","[[197, 69, 1], [125, 1106, 1], [59, 2118, 1], [0, 3124, 1]]"
1765188635.515622,"[[-110, 62, 0], [-292, 1085, 0], [-347, 2097, 0], [-393, 3105, 0]]","[[197, 63, 1], [125, 1100, 1], [58, 2112, 1], [0, 3118, 1]]"
1765188635.7191234,"[[-109, 50, 0], [-291, 1073, 0], [-347, 2085, 0], [-393, 3093, 0]]","[[197, 51, 1], [125, 1088, 1], [57, 2100, 1], [0, 3106, 1]]"
1765188635.9225452,"[[-108, 38, 0], [-290, 1061, 0], [-347, 2073, 0], [-393, 3081, 0]]","[[197, 39, 1], [125, 1076, 1], [56, 2088, 1], [0, 3094, 1]]"
1765188636.1254761,"[[-107, 26, 0], [-289, 1049, 0], [-347, 2061, 0], [-393, 3069, 0]]","[[197, 27, 1], [125, 1064, 1], [55, 2076, 1], [0, 3082, 1]]"
1765188636.328702,"[[-106, 14, 0], [-288, 1037, 0], [-347, 2049, 0], [-393, 3057, 0]]","[[197, 15, 1], [125, 1052, 1], [54, 2064, 1], [0, 3070, 1]]"
1765188636.5317557,"[[-105, 2, 0], [-287, 1025, 0], [-347, 2037, 0], [-393, 3045, 0]]","[[197, 3, 1], [125, 1040, 1], [53, 2052, 1], [0, 3058, 1]]"
1765188636.7338836,"[[-286, 1013, 0], [-347, 2025, 0], [-393, 3033, 0]]","[[125, 1028, 1], [52, 2040, 1], [0, 3046, 1]]"
1765188636.9363542,"[[-285, 1001, 0], [-347, 2013, 0], [-393, 3021, 0]]","[[125, 1016, 1], [51, 2028, 1], [0, 3034, 1]]"
1765188637.139449,"[[-284, 995, 0], [-347, 2007, 0], [-393, 3015, 0]]","[[125, 1010, 1], [50, 2022, 1], [0, 3028, 1]]"
1765188637.343738,"[[-283, 983, 0], [-347, 1995, 0], [-393, 3003, 0]]","[[125, 998, 1], [49, 2010, 1], [0, 3016, 1]]"
1765188637.5468452,"[[-282, 971, 0], [-347, 1983, 0], [-393, 2991, 0]]","[[125, 986, 1], [48, 1998, 1], [0, 3004, 1]]"
1765188637.7497997,"[[-281, 959, 0], [-347, 1971, 0], [-393, 2979, 0]]","[[125, 974, 1], [47, 1986, 1], [0, 2992, 1]]"
1765188637.9538186,"[[-280, 947, 0], [-347, 1959, 0], [-393, 2967, 0]]","[[125, 962, 1], [46, 1974, 1], [0, 2980, 1]]"
1765188638.1577106,"[[-279, 935, 0], [-347, 1947, 0], [-393, 2955, 0]]","[[125, 950, 1], [45, 1962, 1], [0, 2968, 1]]"
1765188638.3623888,"[[-278, 923, 0], [-347, 1935, 0], [-393, 2943, 0]]","[[125, 938, 1], [44, 1950, 1], [0, 2956, 1]]"
1765188638.5664594,"[[-277, 911, 0], [-347, 1923, 0], [-393, 2931, 0]]","[[125, 926, 1], [43, 1938, 1], [0, 2944, 1]]"
1765188638.771077,"[[-276, 899, 0], [-347, 1911, 0], [-393, 2919, 0]]","[[125, 914, 1], [42, 1926, 1], [0, 2932, 1]]"
1765188638.9749422,"[[-275, 893, 0], [-347, 1905, 0], [-393, 2913, 0]]","[[125, 908, 1], [41, 1920, 1], [0, 2926, 1]]"
1765188639.1794205,"[[-274, 881, 0], [-347, 1893, 0], [-393, 2901, 0]]","[[125, 896, 1], [40, 1908, 1], [0, 2914, 1]]"
1765188639.3837824,"[[-273, 869, 0], [-347, 1881, 0], [-393, 2889, 0]]","[[125, 884, 1], [39, 1896, 1], [0, 2902, 1]]"
1765188639.588368,"[[-272, 857, 0], [-347, 1869, 0], [-393, 2877, 0]]","[[125, 872, 1], [38, 1884, 1], [0, 2890, 1]]"
1765188639.7922099,"[[-271, 845, 0], [-347, 1857, 0], [-393, 2865, 0]]","[[125, 860, 1], [37, 1872, 1], [0, 2878, 1]]"
1765188639.9968443,"[[-270, 833, 0], [-347, 1845, 0], [-393, 2853, 0]]","[[125, 848, 1], [36, 1860, 1], [0, 2866, 1]]"
1765188640.2008731,"[[-269, 821, 0], [-347, 1833, 0], [-393, 2841, 0]]","[[125, 836, 1], [35, 1848, 1], [0, 2854, 1]]"
1765188640.4048502,"[[-268, 809, 0], [-347, 1821, 0], [-393, 2829, 0]]","[[125, 824, 1], [34, 1836, 1], [0, 2842, 1]]"
1765188640.6096077,"[[-267, 803, 0], [-347, 1815, 0], [-393, 2823, 0]]","[[125, 818, 1], [33, 1830, 1], [0, 2836, 1]]"
1765188640.814236,"[[-266, 791, 0], [-347, 1803, 0], [-393, 2811, 0]]","[[125, 806, 1], [32, 1818, 1], [0, 2824, 1]]"
1765188641.018379,"[[-265, 779, 0], [-347, 1791, 0], [-393, 2799, 0]]","[[125, 794, 1], [31, 1806, 1], [0, 2812, 1]]"
1765188641.2218454,"[[-264, 767, 0], [-347, 1779, 0], [-393, 2787, 0]]","[[125, 782, 1], [30, 1794, 1], [0, 2800, 1]]"
1765188641.4263194,"[[-263, 755, 0], [-347, 1767, 0], [-393, 2775, 0]]","[[125, 770, 1], [29, 1782, 1], [0, 2788, 1]]"
1765188641.630677,"[[-262, 743, 0], [-347, 1755, 0], [-393, 2763, 0]]","[[125, 758, 1], [28, 1770, 1], [0, 2776, 1]]"
1765188641.834697,"[[-261, 731, 0], [-347, 1743, 0], [-393, 2751, 0]]","[[125, 746, 1], [27, 1758, 1], [0, 2764, 1]]"
1765188642.039001,"[[-260, 719, 0], [-347, 1731, 0], [-393, 2739, 0]]","[[125, 734, 1], [26, 1746, 1], [0, 2752, 1]]"
1765188642.2434094,"[[-259, 707, 0], [-347, 1719, 0], [-393, 2727, 0]]","[[125, 722, 1], [25, 1734, 1], [0, 2740, 1]]"
1765188642.4473567,"[[-258, 701, 0], [-347, 1713, 0], [-393, 2721, 0]]","[[125, 716, 1], [24, 1728, 1], [0, 2734, 1]]"
1765188642.651846,"[[-257, 689, 0], [-347, 1701, 0], [-393, 2709, 0]]","[[125, 704, 1], [23, 1716, 1], [0, 2722, 1]]"
1765188642.855675,"[[-256, 677, 0], [-347, 1689, 0], [-393, 2697, 0]]","[[125, 692, 1], [22, 1704, 1], [0, 2710, 1]]"
1765188643.05989,"[[-255, 665, 0], [-347, 1677, 0], [-393, 2685, 0]]","[[125, 680, 1], [21, 1692, 1], [0, 2698, 1]]"
1765188643.2637186,"[[-254, 653, 0], [-347, 1665, 0], [-393, 2673, 0]]","[[125, 668, 1], [20, 1680, 1], [0, 2686, 1]]"
1765188643.4676685,"[[-253, 641, 0], [-347, 1653, 0], [-393, 2661, 0]]","[[125, 656, 1], [19, 1668, 1], [0, 2674, 1]]"
1765188643.6715982,"[[-252, 629, 0], [-347, 1641, 0], [-393, 2649, 0]]","[[125, 644, 1], [18, 1656, 1], [0, 2662, 1]]"
1765188643.874939,"[[-251, 617, 0], [-347, 1629, 0], [-393, 2637, 0]]","[[125, 632, 1], [17, 1644, 1], [0, 2650, 1]]"
1765188644.0793796,"[[-250, 605, 0], [-347, 1617, 0], [-393, 2625, 0]]","[[125, 620, 1], [16, 1632, 1], [0, 2638, 1]]"
1765188644.2829041,"[[-249, 599, 0], [-347, 1611, 0], [-393, 2619, 0]]","[[125, 614, 1], [15, 1626, 1], [0, 2632, 1]]"
1765188644.486995,"[[-248, 587, 0], [-347, 1599, 0], [-393, 2607, 0]]","[[125, 602, 1], [14, 1614, 1], [0, 2620, 1]]"
1765188644.690986,"[[-247, 575, 0], [-347, 1587, 0], [-393, 2595, 0]]","[[125, 590, 1], [13, 1602, 1], [0, 2608, 1]]"
1765188644.8951237,"[[-246, 563, 0], [-347, 1575, 0], [-393, 2583, 0]]","[[125, 578, 1], [12, 1590, 1], [0, 2596, 1]]"
1765188645.098875,"[[-245, 551, 0], [-347, 1563, 0], [-393, 2571, 0]]","[[125, 566, 1], [11, 1578, 1], [0, 2584, 1]]"
1765188645.3034453,"[[-244, 539, 0], [-347, 1551, 0], [-393, 2559, 0]]","[[125, 554, 1], [10, 1566, 1], [0, 2572, 1]]"
1765188645.5075996,"[[-243, 527, 0], [-347, 1539, 0], [-393, 2547, 0]]","[[125, 542, 1], [9, 1554, 1], [0, 2560, 1]]"
1765188645.7120354,"[[-242, 515, 0], [-347, 1527, 0], [-393, 2535, 0]]","[[125, 530, 1], [8, 1542, 1], [0, 2548, 1]]"
1765188645.9158874,"[[-241, 509, 0], [-347, 1521, 0], [-393, 2529, 0]]","[[125, 524, 1], [7, 1536, 1], [0, 2542, 1]]"
1765188646.1200333,"[[-240, 497, 0], [-347, 1509, 0], [-393, 2517, 0]]","[[125, 512, 1], [6, 1524, 1], [0, 2530, 1]]"
1765188646.3247433,"[[-239, 485, 0], [-347, 1497, 0], [-393, 2505, 0]]","[[125, 500, 1], [5, 1512, 1], [0, 2518, 1]]"
1765188646.5293624,"[[-238, 473, 0], [-346, 1485, 0], [-393, 2493, 0]]","[[125, 488, 1], [4, 1500, 1], [0, 2506, 1]]"
1765188646.7339773,"[[-237, 461, 0], [-345, 1473, 0], [-393, 2481, 0]]","[[125, 476, 1], [3, 1488, 1], [0, 2494, 1]]"
1765188646.9379916,"[[-236, 449, 0], [-344, 1461, 0], [-393, 2469, 0]]","[[125, 464, 1], [3, 1476, 1], [0, 2482, 1]]"
1765188647.1419363,"[[-235, 437, 0], [-343, 1449, 0], [-393, 2457, 0]]","[[125, 452, 1], [3, 1464, 1], [0, 2470, 1]]"
1765188647.346183,"[[-234, 425, 0], [-342, 1437, 0], [-393, 2445, 0]]","[[125, 440, 1], [3, 1452, 1], [0, 2458, 1]]"
1765188647.5500326,"[[-233, 413, 0], [-341, 1425, 0], [-393, 2433, 0]]","[[125, 428, 1], [3, 1440, 1], [0, 2446, 1]]"
1765188647.7542555,"[[-232, 407, 0], [-340, 1419, 0], [-393, 2427, 0]]","[[125, 422, 1], [3, 1434, 1], [0, 2440, 1]]"
1765188647.9585578,"[[-231, 395, 0], [-339, 1407, 0], [-393, 2415, 0]]","[[125, 410, 1], [3, 1422, 1], [0, 2428, 1]]"
1765188648.1626606,"[[-230, 383, 0], [-338, 1395, 0], [-393, 2403, 0]]","[[125, 398, 1], [3, 1410, 1], [0, 2416, 1]]"
1765188648.3656669,"[[-229, 371, 0], [-337, 1383, 0], [-393, 2391, 0]]","[[125, 386, 1], [3, 1398, 1], [0, 2404, 1]]"
1765188648.5700428,"[[-228, 359, 0], [-336, 1371, 0], [-393, 2379, 0]]","[[125, 374, 1], [3, 1386, 1], [0, 2392, 1]]"
1765188648.7725956,"[[-227, 347, 0], [-335, 1359, 0], [-393, 2367, 0]]","[[125, 362, 1], [3, 1374, 1], [0, 2380, 1]]"
1765188648.9758658,"[[-226, 335, 0], [-334, 1347, 0], [-393, 2355, 0]]","[[125, 350, 1], [3, 1362, 1], [0, 2368, 1]]"
1765188649.1791406,"[[-225, 323, 0], [-333, 1335, 0], [-393, 2343, 0]]","[[125, 338, 1], [3, 1350, 1], [0, 2356, 1]]"
1765188649.3829458,"[[-224, 317, 0], [-332, 1329, 0], [-393, 2337, 0]]","[[125, 332, 1], [3, 1344, 1], [0, 2350, 1]]"
1765188649.5871024,"[[-223, 305, 0], [-331, 1317, 0], [-393, 2325, 0]]","[[125, 320, 1], [3, 1332, 1], [0, 2338, 1]]"
1765188649.7918272,"[[-222, 293, 0], [-330, 1305, 0], [-393, 2313, 0]]","[[125, 308, 1], [3, 1320, 1], [0, 2326, 1]]"
1765188649.9962287,"[[-221, 281, 0], [-329, 1293, 0], [-393, 2301, 0]]","[[125, 296, 1], [3, 1308, 1], [0, 2314, 1]]"
1765188650.200468,"[[-220, 269, 0], [-328, 1281, 0], [-393, 2289, 0]]","[[125, 284, 1], [3, 1296, 1], [0, 2302, 1]]"
1765188650.4045746,"[[-219, 257, 0], [-327, 1269, 0], [-393, 2277, 0]]","[[125, 272, 1], [3, 1284, 1], [0, 2290, 1]]"
1765188650.6075194,"[[-218, 245, 0], [-326, 1257, 0], [-393, 2265, 0]]","[[125, 260, 1], [3, 1272, 1], [0, 2278, 1]]"
1765188650.8118446,"[[-217, 233, 0], [-325, 1245, 0], [-393, 2253, 0]]","[[125, 248, 1], [3, 1260, 1], [0, 2266, 1]]"
1765188651.0152125,"[[-216, 221, 0], [-324, 1233, 0], [-393, 2241, 0]]","[[125, 236, 1], [3, 1248, 1], [0, 2254, 1]]"
1765188651.2188575,"[[-215, 215, 0], [-323, 1227, 0], [-393, 2235, 0]]","[[125, 230, 1], [3, 1242, 1], [0, 2248, 1]]"
1765188651.4233222,"[[-214, 203, 0], [-322, 1215, 0], [-393, 2223, 0]]","[[125, 218, 1], [3, 1230, 1], [0, 2236, 1]]"
1765188651.6267443,"[[-213, 191, 0], [-321, 1203, 0], [-393, 2211, 0]]","[[125, 206, 1], [3, 1218, 1], [0, 2224, 1]]"
1765188651.8305783,"[[-212, 179, 0], [-320, 1191, 0], [-393, 2199, 0]]","[[125, 194, 1], [3, 1206, 1], [0, 2212, 1]]"
1765188652.034802,"[[-211, 167, 0], [-319, 1179, 0], [-393, 2187, 0]]","[[125, 182, 1], [3, 1194, 1], [0, 2200, 1]]"
1765188652.239376,"[[-210, 155, 0], [-318, 1167, 0], [-393, 2175, 0]]","[[125, 170, 1], [3, 1182, 1], [0, 2188, 1]]"
1765188652.4440823,"[[-209, 143, 0], [-317, 1155, 0], [-393, 2163, 0]]","[[125, 158, 1], [3, 1170, 1], [0, 2176, 1]]"
1765188652.648566,"[[-208, 131, 0], [-316, 1143, 0], [-393, 2151, 0]]","[[125, 146, 1], [3, 1158, 1], [0, 2164, 1]]"
1765188652.8518875,"[[-207, 125, 0], [-315, 1137, 0], [-393, 2145, 0]]","[[125, 140, 1], [3, 1152, 1], [0, 2158, 1]]"
1765188653.0567603,"[[-206, 113, 0], [-314, 1125, 0], [-393, 2133, 0]]","[[125, 128, 1], [3, 1140, 1], [0, 2146, 1]]"
1765188653.260558,"[[-205, 101, 0], [-313, 1113, 0], [-393, 2121, 0]]","[[125, 116, 1], [3, 1128, 1], [0, 2134, 1]]"
1765188653.464515,"[[-204, 89, 0], [-312, 1101, 0], [-393, 2109, 0]]","[[125, 104, 1], [3, 1116, 1], [0, 2122, 1]]"
1765188653.6690972,"[[-203, 77, 0], [-311, 1089, 0], [-393, 2097, 0]]","[[125, 92, 1], [3, 1104, 1], [0, 2110, 1]]"
1765188653.8719127,"[[-202, 65, 0], [-310, 1077, 0], [-393, 2085, 0]]","[[125, 80, 1], [3, 1092, 1], [0, 2098, 1]]"
1765188654.0752096,"[[-201, 53, 0], [-309, 1065, 0], [-393, 2073, 0]]","[[125, 68, 1], [3, 1080, 1], [0, 2086, 1]]"
1765188654.2786553,"[[-200, 41, 0], [-308, 1053, 0], [-393, 2061, 0]]","[[125, 56, 1], [3, 1068, 1], [0, 2074, 1]]"
1765188654.4827008,"[[-199, 29, 0], [-307, 1041, 0], [-393, 2049, 0]]","[[125, 44, 1], [3, 1056, 1], [0, 2062, 1]]"
1765188654.6857805,"[[-198, 23, 0], [-306, 1035, 0], [-393, 2043, 0]]","[[125, 38, 1], [3, 1050, 1], [0, 2056, 1]]"
1765188654.8895986,"[[-197, 11, 0], [-305, 1023, 0], [-393, 2031, 0]]","[[125, 26, 1], [3, 1038, 1], [0, 2044, 1]]"
1765188655.0935736,"[[-196, 0, 0], [-304, 1011, 0], [-393, 2019, 0]]","[[125, 14, 1], [3, 1026, 1], [0, 2032, 1]]"
1765188655.2979405,"[[-195, -11, 0], [-303, 999, 0], [-393, 2007, 0]]","[[125, 2, 1], [3, 1014, 1], [0, 2020, 1]]"
1765188655.502462,"[[-302, 987, 0], [-393, 1995, 0]]","[[3, 1002, 1], [0, 2008, 1]]"
1765188655.706734,"[[-301, 975, 0], [-393, 1983, 0]]","[[3, 990, 1], [0, 1996, 1]]"
1765188655.9112494,"[[-300, 963, 0], [-393, 1971, 0]]","[[3, 978, 1], [0, 1984, 1]]"
1765188656.1147513,"[[-299, 951, 0], [-393, 1959, 0]]","[[3, 966, 1], [0, 1972, 1]]"
1765188656.3193572,"[[-298, 945, 0], [-393, 1953, 0]]","[[3, 960, 1], [0, 1966, 1]]"
1765188656.5234497,"[[-297, 933, 0], [-393, 1941, 0]]","[[3, 948, 1], [0, 1954, 1]]"
1765188656.7284026,"[[-296, 921, 0], [-393, 1929, 0]]","[[3, 936, 1], [0, 1942, 1]]"
1765188656.9326508,"[[-295, 909, 0], [-393, 1917, 0]]","[[3, 924, 1], [0, 1930, 1]]"
1765188657.1370676,"[[-294, 897, 0], [-393, 1905, 0]]","[[3, 912, 1], [0, 1918, 1]]"
1765188657.340763,"[[-293, 885, 0], [-393, 1893, 0]]","[[3, 900, 1], [0, 1906, 1]]"
1765188657.5454226,"[[-292, 873, 0], [-393, 1881, 0]]","[[3, 888, 1], [0, 1894, 1]]"
1765188657.748611,"[[-291, 861, 0], [-393, 1869, 0]]","[[3, 876, 1], [0, 1882, 1]]"
1765188657.9520078,"[[-290, 849, 0], [-393, 1857, 0]]","[[3, 864, 1], [0, 1870, 1]]"
1765188658.156434,"[[-289, 843, 0], [-393, 1851, 0]]","[[3, 858, 1], [0, 1864, 1]]"
1765188658.3612883,"[[-288, 831, 0], [-393, 1839, 0]]","[[3, 846, 1], [0, 1852, 1]]"
1765188658.5659237,"[[-287, 819, 0], [-393, 1827, 0]]","[[3, 834, 1], [0, 1840, 1]]"
1765188658.770207,"[[-286, 807, 0], [-393, 1815, 0]]","[[3, 822, 1], [0, 1828, 1]]"
1765188658.97471,"[[-285, 795, 0], [-393, 1803, 0]]","[[3, 810, 1], [0, 1816, 1]]"
1765188659.179106,"[[-284, 783, 0], [-393, 1791, 0]]","[[3, 798, 1], [0, 1804, 1]]"
1765188659.383092,"[[-283, 771, 0], [-393, 1779, 0]]","[[3, 786, 1], [0, 1792, 1]]"
1765188659.5865011,"[[-282, 759, 0], [-393, 1767, 0]]","[[3, 774, 1], [0, 1780, 1]]"
1765188659.789802,"[[-281, 753, 0], [-393, 1761, 0]]","[[3, 768, 1], [0, 1774, 1]]"
1765188659.9945915,"[[-280, 741, 0], [-393, 1749, 0]]","[[3, 756, 1], [0, 1762, 1]]"
1765188660.1982033,"[[-279, 729, 0], [-393, 1737, 0]]","[[3, 744, 1], [0, 1750, 1]]"
1765188660.4025292,"[[-278, 717, 0], [-393, 1725, 0]]","[[3, 732, 1], [0, 1738, 1]]"
1765188660.606169,"[[-277, 705, 0], [-393, 1713, 0]]","[[3, 720, 1], [0, 1726, 1]]"
1765188660.810118,"[[-276, 693, 0], [-393, 1701, 0]]","[[3, 708, 1], [0, 1714, 1]]"
1765188661.0141566,"[[-275, 681, 0], [-393, 1689, 0]]","[[3, 696, 1], [0, 1702, 1]]"
1765188661.2173963,"[[-274, 669, 0], [-393, 1677, 0]]","[[3, 684, 1], [0, 1690, 1]]"
1765188661.4209502,"[[-273, 657, 0], [-393, 1665, 0]]","[[3, 672, 1], [0, 1678, 1]]"
1765188661.6251621,"[[-272, 651, 0], [-393, 1659, 0]]","[[3, 666, 1], [0, 1672, 1]]"
1765188661.829878,"[[-271, 639, 0], [-393, 1647, 0]]","[[3, 654, 1], [0, 1660, 1]]"
1765188662.0347683,"[[-270, 627, 0], [-393, 1635, 0]]","[[3, 642, 1], [0, 1648, 1]]"
1765188662.238835,"[[-269, 615, 0], [-393, 1623, 0]]","[[3, 630, 1], [0, 1636, 1]]"
1765188662.4433014,"[[-268, 603, 0], [-393, 1611, 0]]","[[3, 618, 1], [0, 1624, 1]]"
1765188662.647843,"[[-267, 591, 0], [-393, 1599, 0]]","[[3, 606, 1], [0, 1612, 1]]"
1765188662.8522305,"[[-266, 579, 0], [-393, 1587, 0]]","[[3, 594, 1], [0, 1600, 1]]"
1765188663.0564983,"[[-265, 567, 0], [-393, 1575, 0]]","[[3, 582, 1], [0, 1588, 1]]"
1765188663.2607768,"[[-264, 555, 0], [-393, 1563, 0]]","[[3, 570, 1], [0, 1576, 1]]"
1765188663.465137,"[[-263, 549, 0], [-393, 1557, 0]]","[[3, 564, 1], [0, 1570, 1]]"
1765188663.6695645,"[[-262, 537, 0], [-393, 1545, 0]]","[[3, 552, 1], [0, 1558, 1]]"
1765188663.8734415,"[[-261, 525, 0], [-393, 1533, 0]]","[[3, 540, 1], [0, 1546, 1]]"
1765188664.077688,"[[-260, 513, 0], [-393, 1521, 0]]","[[3, 528, 1], [0, 1534, 1]]"
1765188664.2821436,"[[-259, 501, 0], [-393, 1509, 0]]","[[3, 516, 1], [0, 1522, 1]]"
1765188664.4861617,"[[-258, 489, 0], [-393, 1497, 0]]","[[3, 504, 1], [0, 1510, 1]]"
1765188664.6901975,"[[-257, 477, 0], [-392, 1485, 0]]","[[3, 492, 1], [0, 1498, 1]]"
1765188664.8943403,"[[-256, 465, 0], [-391, 1473, 0]]","[[3, 480, 1], [0, 1486, 1]]"
1765188665.097762,"[[-255, 459, 0], [-390, 1467, 0]]","[[3, 474, 1], [0, 1480, 1]]"
1765188665.3019037,"[[-254, 447, 0], [-389, 1455, 0]]","[[3, 462, 1], [0, 1468, 1]]"
1765188665.5059118,"[[-253, 435, 0], [-388, 1443, 0]]","[[3, 450, 1], [0, 1456, 1]]"
1765188665.7102287,"[[-252, 423, 0], [-387, 1431, 0]]","[[3, 438, 1], [0, 1444, 1]]"
1765188665.914044,"[[-251, 411, 0], [-386, 1419, 0]]","[[3, 426, 1], [0, 1432, 1]]"
1765188666.1185248,"[[-250, 399, 0], [-385, 1407, 0]]","[[3, 414, 1], [0, 1420, 1]]"
1765188666.3224554,"[[-249, 387, 0], [-384, 1395, 0]]","[[3, 402, 1], [0, 1408, 1]]"
1765188666.5267825,"[[-248, 375, 0], [-383, 1383, 0]]","[[3, 390, 1], [0, 1396, 1]]"
1765188666.7312076,"[[-247, 363, 0], [-382, 1371, 0]]","[[3, 378, 1], [0, 1384, 1]]"
1765188666.9356394,"[[-246, 357, 0], [-381, 1365, 0]]","[[3, 372, 1], [0, 1378, 1]]"
1765188667.1401582,"[[-245, 345, 0], [-380, 1353, 0]]","[[3, 360, 1], [0, 1366, 1]]"
1765188667.3443625,"[[-244, 333, 0], [-379, 1341, 0]]","[[3, 348, 1], [0, 1354, 1]]"
1765188667.5484202,"[[-243, 321, 0], [-378, 1329, 0]]","[[3, 336, 1], [0, 1342, 1]]"
1765188667.752506,"[[-242, 309, 0], [-377, 1317, 0]]","[[3, 324, 1], [0, 1330, 1]]"
1765188667.957051,"[[-241, 297, 0], [-376, 1305, 0]]","[[3, 312, 1], [0, 1318, 1]]"
1765188668.1608865,"[[-240, 285, 0], [-375, 1293, 0]]","[[3, 300, 1], [0, 1306, 1]]"
1765188668.3644402,"[[-239, 273, 0], [-374, 1281, 0]]","[[3, 288, 1], [0, 1294, 1]]"
1765188668.5692272,"[[-238, 261, 0], [-373, 1269, 0]]","[[3, 276, 1], [0, 1282, 1]]"
1765188668.7734258,"[[-237, 255, 0], [-372, 1263, 0]]","[[3, 270, 1], [0, 1276, 1]]"
1765188668.977041,"[[-236, 243, 0], [-371, 1251, 0]]","[[3, 258, 1], [0, 1264, 1]]"
1765188669.1815846,"[[-235, 231, 0], [-370, 1239, 0]]","[[3, 246, 1], [0, 1252, 1]]"
1765188669.3855488,"[[-234, 219, 0], [-369, 1227, 0]]","[[3, 234, 1], [0, 1240, 1]]"
1765188669.5896297,"[[-233, 207, 0], [-368, 1215, 0]]","[[3, 222, 1], [0, 1228, 1]]"
1765188669.7936296,"[[-232, 195, 0], [-367, 1203, 0]]","[[3, 210, 1], [0, 1216, 1]]"
1765188669.997822,"[[-231, 183, 0], [-366, 1191, 0]]","[[3, 198, 1], [0, 1204, 1]]"
1765188670.2008052,"[[-230, 177, 0], [-365, 1185, 0]]","[[3, 192, 1], [0, 1198, 1]]"
1765188670.4040735,"[[-229, 165, 0], [-364, 1173, 0]]","[[3, 180, 1], [0, 1186, 1]]"
1765188670.6067324,"[[-228, 153, 0], [-363, 1161, 0]]","[[3, 168, 1], [0, 1174, 1]]"
1765188670.8104882,"[[-227, 141, 0], [-362, 1149, 0]]","[[3, 156, 1], [0, 1162, 1]]"
1765188671.0130742,"[[-226, 129, 0], [-361, 1137, 0]]","[[3, 144, 1], [0, 1150, 1]]"
1765188671.21642,"[[-225, 117, 0], [-360, 1125, 0]]","[[3, 132, 1], [0, 1138, 1]]"
1765188671.4194164,"[[-224, 105, 0], [-359, 1113, 0]]","[[3, 120, 1], [0, 1126, 1]]"
1765188671.6234689,"[[-223, 93, 0], [-358, 1101, 0]]","[[3, 108, 1], [0, 1114, 1]]"
1765188671.8275058,"[[-222, 87, 0], [-357, 1095, 0]]","[[3, 102, 1], [0, 1108, 1]]"
1765188672.0318851,"[[-221, 75, 0], [-356, 1083, 0]]","[[3, 90, 1], [0, 1096, 1]]"
1765188672.235826,"[[-220, 63, 0], [-355, 1071, 0]]","[[3, 78, 1], [0, 1084, 1]]"
1765188672.4397225,"[[-219, 51, 0], [-354, 1059, 0]]","[[3, 66, 1], [0, 1072, 1]]"
1765188672.6442075,"[[-218, 39, 0], [-353, 1047, 0]]","[[3, 54, 1], [0, 1060, 1]]"
1765188672.8480551,"[[-217, 27, 0], [-352, 1035, 0]]","[[3, 42, 1], [0, 1048, 1]]"
1765188673.0527885,"[[-216, 15, 0], [-351, 1023, 0]]","[[3, 30, 1], [0, 1036, 1]]"
1765188673.2570286,"[[-215, 3, 0], [-350, 1011, 0]]","[[3, 18, 1], [0, 1024, 1]]"
1765188673.460956,"[[-214, -8, 0], [-349, 999, 0]]","[[3, 6, 1], [0, 1012, 1]]"
1765188673.6649647,"[[-213, -13, 0], [-348, 993, 0]]","[[3, 0, 1], [0, 1006, 1]]"
1765188673.8690789,"[[-347, 981, 0]]","[[0, 994, 1]]"
1765188674.0728247,"[[-346, 969, 0]]","[[0, 982, 1]]"
1765188674.2768333,"[[-345, 957, 0]]","[[0, 970, 1]]"
1765188674.4810917,"[[-344, 945, 0]]","[[0, 958, 1]]"
1765188674.6852908,"[[-343, 933, 0]]","[[0, 946, 1]]"
1765188674.889299,"[[-342, 921, 0]]","[[0, 934, 1]]"
1765188675.0934136,"[[-341, 909, 0]]","[[0, 922, 1]]"
1765188675.2980444,"[[-340, 897, 0]]","[[0, 910, 1]]"
1765188675.5016408,"[[-339, 891, 0]]","[[0, 904, 1]]"
1765188675.705856,"[[-338, 879, 0]]","[[0, 892, 1]]"
1765188675.9098108,"[[-337, 867, 0]]","[[0, 880, 1]]"
1765188676.114107,"[[-336, 855, 0]]","[[0, 868, 1]]"
1765188676.317478,"[[-335, 843, 0]]","[[0, 856, 1]]"
1765188676.5217052,"[[-334, 831, 0]]","[[0, 844, 1]]"
1765188676.7260852,"[[-333, 819, 0]]","[[0, 832, 1]]"
1765188676.930132,"[[-332, 807, 0]]","[[0, 820, 1]]"
1765188677.1342165,"[[-331, 801, 0]]","[[0, 814, 1]]"
1765188677.338497,"[[-330, 789, 0]]","[[0, 802, 1]]"
1765188677.5424852,"[[-329, 777, 0]]","[[0, 790, 1]]"
1765188677.7469964,"[[-328, 765, 0]]","[[0, 778, 1]]"
1765188677.950852,"[[-327, 753, 0]]","[[0, 766, 1]]"
1765188678.15496,"[[-326, 741, 0]]","[[0, 754, 1]]"
1765188678.3588855,"[[-325, 729, 0]]","[[0, 742, 1]]"
1765188678.5630643,"[[-324, 717, 0]]","[[0, 730, 1]]"
1765188678.7664256,"[[-323, 705, 0]]","[[0, 718, 1]]"
1765188678.9694688,"[[-322, 699, 0]]","[[0, 712, 1]]"
1765188679.173861,"[[-321, 687, 0]]","[[0, 700, 1]]"
1765188679.3779798,"[[-320, 675, 0]]","[[0, 688, 1]]"
1765188679.5821736,"[[-319, 663, 0]]","[[0, 676, 1]]"
1765188679.7868502,"[[-318, 651, 0]]","[[0, 664, 1]]"
1765188679.989862,"[[-317, 639, 0]]","[[0, 652, 1]]"
1765188680.1939807,"[[-316, 627, 0]]","[[0, 640, 1]]"
1765188680.3979728,"[[-315, 615, 0]]","[[0, 628, 1]]"
1765188680.6021738,"[[-314, 609, 0]]","[[0, 622, 1]]"
1765188680.805381,"[[-313, 597, 0]]","[[0, 610, 1]]"
1765188681.008386,"[[-312, 585, 0]]","[[0, 598, 1]]"
1765188681.2112079,"[[-311, 573, 0]]","[[0, 586, 1]]"
1765188681.4140728,"[[-310, 561, 0]]","[[0, 574, 1]]"
1765188681.617117,"[[-309, 549, 0]]","[[0, 562, 1]]"
1765188681.8205614,"[[-308, 537, 0]]","[[0, 550, 1]]"
1765188682.0249705,"[[-307, 525, 0]]","[[0, 538, 1]]"
1765188682.229393,"[[-306, 519, 0]]","[[0, 532, 1]]"
1765188682.4331799,"[[-305, 507, 0]]","[[0, 520, 1]]"
1765188682.6373897,"[[-304, 495, 0]]","[[0, 508, 1]]"
1765188682.8412833,"[[-303, 483, 0]]","[[0, 496, 1]]"
1765188683.0456326,"[[-302, 471, 0]]","[[0, 484, 1]]"
1765188683.2502491,"[[-301, 459, 0]]","[[0, 472, 1]]"
1765188683.4544694,"[[-300, 447, 0]]","[[0, 460, 1]]"
1765188683.6585119,"[[-299, 435, 0]]","[[0, 448, 1]]"
1765188683.8628561,"[[-298, 423, 0]]","[[0, 436, 1]]"
1765188684.067418,"[[-297, 417, 0]]","[[0, 430, 1]]"
1765188684.271399,"[[-296, 405, 0]]","[[0, 418, 1]]"
1765188684.4755507,"[[-295, 393, 0]]","[[0, 406, 1]]"
1765188684.679766,"[[-294, 381, 0]]","[[0, 394, 1]]"
1765188684.883714,"[[-293, 369, 0]]","[[0, 382, 1]]"
1765188685.0880082,"[[-292, 357, 0]]","[[0, 370, 1]]"
1765188685.2924383,"[[-291, 345, 0]]","[[0, 358, 1]]"
1765188685.4971435,"[[-290, 333, 0]]","[[0, 346, 1]]"
1765188685.700378,"[[-289, 321, 0]]","[[0, 334, 1]]"
1765188685.9046845,"[[-288, 315, 0]]","[[0, 328, 1]]"
1765188686.1087337,"[[-287, 303, 0]]","[[0, 316, 1]]"
1765188686.3128476,"[[-286, 291, 0]]","[[0, 304, 1]]"
1765188686.5162816,"[[-285, 279, 0]]","[[0, 292, 1]]"
1765188686.7195199,"[[-284, 267, 0]]","[[0, 280, 1]]"
1765188686.9242573,"[[-283, 255, 0]]","[[0, 268, 1]]"
1765188687.1286082,"[[-282, 243, 0]]","[[0, 256, 1]]"
1765188687.3329225,"[[-281, 231, 0]]","[[0, 244, 1]]"
1765188687.538151,"[[-280, 225, 0]]","[[0, 238, 1]]"
1765188687.74249,"[[-279, 213, 0]]","[[0, 226, 1]]"
1765188687.9466767,"[[-278, 201, 0]]","[[0, 214, 1]]"
1765188688.15035,"[[-277, 189, 0]]","[[0, 202, 1]]"
1765188688.354559,"[[-276, 177, 0]]","[[0, 190, 1]]"
1765188688.5596004,"[[-275, 165, 0]]","[[0, 178, 1]]"
1765188688.7635674,"[[-274, 153, 0]]","[[0, 166, 1]]"
1765188688.9679403,"[[-273, 141, 0]]","[[0, 154, 1]]"
1765188689.1724057,"[[-272, 129, 0]]","[[0, 142, 1]]"
1765188689.3768384,"[[-271, 123, 0]]","[[0, 136, 1]]"
1765188689.5812135,"[[-270, 111, 0]]","[[0, 124, 1]]"
1765188689.7854664,"[[-269, 99, 0]]","[[0, 112, 1]]"
1765188689.9898355,"[[-268, 87, 0]]","[[0, 100, 1]]"
1765188690.1930287,"[[-267, 75, 0]]","[[0, 88, 1]]"
1765188690.3962393,"[[-266, 63, 0]]","[[0, 76, 1]]"
1765188690.6003776,"[[-265, 51, 0]]","[[0, 64, 1]]"
1765188690.8048074,"[[-264, 39, 0]]","[[0, 52, 1]]"
1765188691.00941,"[[-263, 27, 0]]","[[0, 40, 1]]"
1765188691.2130558,"[[-262, 21, 0]]","[[0, 34, 1]]"
1765188691.4159772,"[[-261, 9, 0]]","[[0, 22, 1]]"
1765188691.6186118,"[[-260, -2, 0]]","[[0, 10, 1]]"
1765188691.8230045,[],[]
1765188692.0275776,[],[]
1765188692.232058,[],[]
1765188692.436075,[],[]
1765188692.6392996,[],[]
1765188692.8433278,[],[]
1765188693.047357,[],[]
1765188693.2520003,[],[]
1765188693.4557986,[],[]
1765188693.6603346,[],[]
1765188693.8648481,[],[]
1765188694.0690787,[],[]
1765188694.2740076,[],[]
1765188694.4771154,[],[]
1765188694.6798596,[],[]
1765188694.8825414,[],[]
1765188695.0850496,[],[]
1765188695.2879457,[],[]
