1765544863.9962673,"[[-300, 5, 0, 3], [-300, 750, 0, 3], [-300, 1500, 0, 3]]","[[300, 1, 1, 3], [300, 755, 1, 3], [300, 1505, 1, 3]]"
1765544864.0720284,"[[-300, 5, 0, 4], [-300, 750, 0, 4], [-300, 1500, 0, 4]]","[[300, 1, 1, 4], [300, 755, 1, 4], [300, 1505, 1, 4], [504, 2432, 1060, 0]]"
1765544864.1433423,"[[-300, 5, 0, 5], [-300, 750, 0, 5], [-300, 1500, 0, 5], [-402, 3577, 2113, 0]]","[[300, 1, 1, 5], [300, 755, 1, 5], [300, 1505, 1, 5], [504, 2432, 1060, 0], [614, 3432, 2026, 0]]"
1765544864.2111216,"[[-300, 5, 0, 6], [-300, 750, 0, 6], [-300, 1500, 0, 6], [-402, 3577, 2113, 1]]","[[300, 1, 1, 6], [300, 755, 1, 6], [300, 1505, 1, 6], [504, 2432, 1060, 0], [610, 3432, 2026, 0], [199, 2470, 1117, 0]]"
1765544864.2785275,"[[-300, 5, 0, 7], [-300, 750, 0, 7], [-300, 1500, 0, 7], [-402, 3575, 2113, 0]]","[[300, 1, 1, 7], [300, 755, 1, 7], [300, 1505, 1, 7], [504, 2433, 1060, 0], [613, 3431, 2026, 0], [199, 2470, 1117, 1], [593, 4410, 2971, 0]]"
1765544864.342052,"[[-300, 5, 0, 8], [-300, 750, 0, 8], [-300, 1500, 0, 8], [-402, 3574, 2113, 0]]","[[300, 1, 1, 8], [300, 755, 1, 8], [300, 1505, 1, 8], [503, 2431, 1060, 0], [614, 3432, 2026, 0], [223, 2593, 1117, 0], [593, 4410, 2971, 1]]"
1765544864.410184,"[[-300, 5, 0, 9], [-300, 750, 0, 9], [-300, 1500, 0, 9], [-402, 3574, 2113, 1]]","[[300, 1, 1, 9], [300, 755, 1, 9], [300, 1505, 1, 9], [504, 2432, 1060, 0], [610, 3432, 2026, 0], [192, 2444, 1117, 0], [593, 4410, 2971, 2]]"
1765544864.4754863,"[[-300, 5, 0, 10], [-300, 750, 0, 10], [-300, 1500, 0, 10], [-402, 3576, 2113, 0]]","[[300, 1, 1, 10], [300, 755, 1, 10], [300, 1505, 1, 10], [503, 2430, 1060, 0], [610, 3432, 2026, 1], [192, 2444, 1117, 1], [593, 4410, 2971, 3]]"
1765544864.5392694,"[[-300, 5, 0, 11], [-300, 750, 0, 11], [-300, 1500, 0, 11], [-402, 3576, 2113, 1]]","[[300, 1, 1, 11], [300, 755, 1, 11], [300, 1505, 1, 11], [504, 2432, 1060, 0], [613, 3431, 2026, 0], [192, 2444, 1117, 2], [593, 4409, 2971, 0]]"
1765544864.6118646,"[[-300, 5, 0, 12], [-300, 750, 0, 12], [-300, 1500, 0, 12], [-402, 3576, 2113, 2]]","[[300, 1, 1, 12], [300, 755, 1, 12], [300, 1505, 1, 12], [504, 2432, 1060, 0], [613, 3431, 2026, 1], [192, 2444, 1117, 3], [593, 4409, 2971, 1], [281, 2879, 1371, 0]]"
1765544864.6801853,"[[-300, 5, 0, 13], [-300, 750, 0, 13], [-300, 1500, 0, 13], [-402, 3576, 2113, 3]]","[[300, 1, 1, 13], [300, 755, 1, 13], [300, 1505, 1, 13], [504, 2432, 1060, 0], [614, 3432, 2026, 0], [223, 2593, 1117, 0], [593, 4409, 2971, 2], [281, 2879, 1371, 1]]"
1765544864.745036,"[[-300, 5, 0, 14], [-300, 750, 0, 14], [-300, 1500, 0, 14], [-402, 3576, 2113, 4]]","[[300, 1, 1, 14], [300, 755, 1, 14], [300, 1505, 1, 14], [504, 2432, 1060, 0], [614, 3433, 2026, 0], [223, 2593, 1117, 1], [569, 4437, 2971, 0], [281, 2879, 1371, 2]]"
1765544864.816957,"[[-300, 5, 0, 15], [-300, 750, 0, 15], [-300, 1500, 0, 15], [-410, 6216, 4731, 0]]","[[300, 1, 1, 15], [300, 755, 1, 15], [300, 1505, 1, 15], [503, 2431, 1060, 0], [613, 3431, 2026, 0], [223, 2593, 1117, 2], [569, 4437, 2971, 1], [264, 2797, 1371, 0]]"
1765544864.885374,"[[-300, 5, 0, 16], [-300, 750, 0, 16], [-300, 1500, 0, 16], [-410, 6221, 4731, 0]]","[[300, 1, 1, 16], [300, 755, 1, 16], [300, 1505, 1, 16], [503, 2431, 1060, 0], [614, 3432, 2026, 0], [193, 2446, 1117, 0], [569, 4437, 2971, 2], [264, 2797, 1371, 1]]"
1765544864.948416,"[[-300, 5, 0, 17], [-300, 750, 0, 17], [-300, 1500, 0, 17], [-410, 6221, 4731, 1]]","[[300, 1, 1, 17], [300, 755, 1, 17], [300, 1505, 1, 17], [504, 2432, 1060, 0], [613, 3431, 2026, 0], [193, 2446, 1117, 1], [569, 4437, 2971, 3], [255, 2750, 1371, 0]]"
1765544865.0194168,"[[-300, 5, 0, 18], [-300, 750, 0, 18], [-300, 1500, 0, 18], [-410, 6221, 4731, 2]]","[[300, 1, 1, 18], [300, 755, 1, 18], [300, 1505, 1, 18], [503, 2431, 1060, 0], [610, 3432, 2026, 0], [193, 2446, 1117, 2], [594, 4412, 2971, 0], [255, 2750, 1371, 1]]"
1765544865.087733,"[[-300, 5, 0, 19], [-300, 750, 0, 19], [-300, 1500, 0, 19], [-375, 5824, 4731, 0]]","[[300, 1, 1, 19], [300, 755, 1, 19], [300, 1505, 1, 19], [504, 2432, 1060, 0], [610, 3432, 2026, 1], [193, 2446, 1117, 3], [594, 4412, 2971, 1], [255, 2750, 1371, 2]]"
1765544865.151785,"[[-300, 5, 0, 20], [-300, 750, 0, 20], [-300, 1500, 0, 20], [-375, 5824, 4731, 1]]","[[300, 1, 1, 20], [300, 755, 1, 20], [300, 1505, 1, 20], [504, 2432, 1060, 0], [614, 3432, 2026, 0], [193, 2446, 1117, 4], [593, 4409, 2971, 0], [255, 2750, 1371, 3]]"
1765544865.220874,"[[-300, 5, 0, 21], [-300, 750, 0, 21], [-300, 1500, 0, 21], [-375, 5824, 4731, 2]]","[[300, 1, 1, 21], [300, 755, 1, 21], [300, 1505, 1, 21], [503, 2431, 1060, 0], [609, 3430, 2026, 0], [223, 2593, 1117, 0], [593, 4409, 2971, 1], [255, 2750, 1371, 4]]"
1765544865.2870927,"[[-300, 5, 0, 22], [-300, 750, 0, 22], [-300, 1500, 0, 22], [-375, 5824, 4731, 3]]","[[300, 1, 1, 22], [300, 755, 1, 22], [300, 1505, 1, 22], [504, 2433, 1060, 0], [614, 3432, 2026, 0], [223, 2593, 1117, 1], [593, 4411, 2971, 0]]"
1765544865.351108,"[[-300, 5, 0, 23], [-300, 750, 0, 23], [-300, 1500, 0, 23], [-410, 6220, 4731, 0]]","[[300, 1, 1, 23], [300, 755, 1, 23], [300, 1505, 1, 23], [503, 2430, 1060, 0], [610, 3432, 2026, 0], [255, 2750, 1117, 0], [593, 4411, 2971, 1]]"
1765544865.4140892,"[[-300, 5, 0, 24], [-300, 750, 0, 24], [-300, 1500, 0, 24], [-410, 6220, 4731, 1]]","[[300, 1, 1, 24], [300, 755, 1, 24], [300, 1505, 1, 24], [503, 2431, 1060, 0], [610, 3432, 2026, 1], [313, 3035, 1117, 0], [593, 4411, 2971, 2]]"
1765544865.4832103,"[[-300, 5, 0, 25], [-300, 750, 0, 25], [-300, 1500, 0, 25], [-410, 6217, 4731, 0]]","[[300, 1, 1, 25], [300, 755, 1, 25], [300, 1505, 1, 25], [503, 2431, 1060, 0], [610, 3433, 2026, 0], [313, 3035, 1117, 1], [593, 4410, 2971, 0]]"
1765544865.549689,"[[-300, 5, 0, 26], [-300, 750, 0, 26], [-300, 1500, 0, 26], [-410, 6217, 4731, 1]]","[[300, 1, 1, 26], [300, 755, 1, 26], [300, 1505, 1, 26], [503, 2431, 1060, 0], [610, 3433, 2026, 1], [280, 2874, 1117, 0], [593, 4410, 2971, 1]]"
1765544865.6125667,"[[-300, 5, 0, 27], [-300, 750, 0, 27], [-300, 1500, 0, 27], [-410, 6217, 4731, 2]]","[[300, 1, 1, 27], [300, 755, 1, 27], [300, 1505, 1, 27], [504, 2432, 1060, 0], [610, 3433, 2026, 2], [330, 3121, 1117, 0], [593, 4410, 2971, 2]]"
1765544865.6753144,"[[-300, 5, 0, 28], [-300, 750, 0, 28], [-300, 1500, 0, 28], [-410, 6217, 4731, 3]]","[[300, 1, 1, 28], [300, 755, 1, 28], [300, 1505, 1, 28], [504, 2432, 1060, 0], [614, 3432, 2026, 0], [330, 3121, 1117, 1], [593, 4410, 2971, 3]]"
1765544865.7440195,"[[-300, 5, 0, 29], [-300, 750, 0, 29], [-300, 1500, 0, 29], [-410, 6217, 4731, 4]]","[[300, 1, 1, 29], [300, 755, 1, 29], [300, 1505, 1, 29], [504, 2433, 1060, 0], [610, 3432, 2026, 0], [330, 3121, 1117, 2], [593, 4411, 2971, 0]]"
1765544865.8103309,"[[-300, 5, 0, 30], [-300, 750, 0, 30], [-300, 1500, 0, 30], [-376, 5825, 4731, 0]]","[[300, 1, 1, 30], [300, 755, 1, 30], [300, 1505, 1, 30], [504, 2432, 1060, 0], [614, 3432, 2026, 0], [330, 3121, 1117, 3], [593, 4410, 2971, 0]]"
1765544865.874823,"[[-300, 5, 0, 31], [-300, 750, 0, 31], [-300, 1500, 0, 31], [-376, 5825, 4731, 1]]","[[300, 1, 1, 31], [300, 755, 1, 31], [300, 1505, 1, 31], [504, 2432, 1060, 0], [610, 3431, 2026, 0], [330, 3121, 1117, 4], [593, 4410, 2971, 0]]"
1765544865.9461083,"[[-300, 5, 0, 32], [-300, 750, 0, 32], [-300, 1500, 0, 32], [-376, 5825, 4731, 2]]","[[300, 1, 1, 32], [300, 755, 1, 32], [300, 1505, 1, 32], [503, 2431, 1060, 0], [610, 3431, 2026, 1], [593, 4410, 2971, 1]]"
1765544866.0135076,"[[-300, 5, 0, 33], [-300, 750, 0, 33], [-300, 1500, 0, 33], [-376, 5825, 4731, 3]]","[[300, 1, 1, 33], [300, 755, 1, 33], [300, 1505, 1, 33], [504, 2433, 1060, 0], [614, 3432, 2026, 0], [593, 4410, 2971, 2]]"
1765544866.0771625,"[[-300, 5, 0, 34], [-300, 750, 0, 34], [-300, 1500, 0, 34], [-376, 5825, 4731, 4]]","[[300, 1, 1, 34], [300, 755, 1, 34], [300, 1505, 1, 34], [503, 2431, 1060, 0], [610, 3432, 2026, 0], [593, 4410, 2971, 3], [213, 2546, 1116, 0]]"
1765544866.1476665,"[[-300, 5, 0, 35], [-300, 750, 0, 35], [-300, 1500, 0, 35]]","[[300, 1, 1, 35], [300, 755, 1, 35], [300, 1505, 1, 35], [504, 2432, 1060, 0], [610, 3432, 2026, 0], [593, 4410, 2971, 4], [213, 2547, 1116, 0]]"
1765544866.2122762,"[[-300, 5, 0, 36], [-300, 750, 0, 36], [-300, 1500, 0, 36]]","[[300, 1, 1, 36], [300, 755, 1, 36], [300, 1505, 1, 36], [504, 2432, 1060, 0], [610, 3432, 2026, 0], [167, 2322, 1116, 0]]"
1765544866.2764254,"[[-300, 5, 0, 37], [-300, 750, 0, 37], [-300, 1500, 0, 37]]","[[300, 1, 1, 37], [300, 755, 1, 37], [300, 1505, 1, 37], [504, 2432, 1060, 0], [610, 3432, 2026, 0], [167, 2322, 1116, 1]]"
1765544866.347937,"[[-300, 5, 0, 38], [-300, 750, 0, 38], [-300, 1500, 0, 38]]","[[300, 1, 1, 38], [300, 755, 1, 38], [300, 1505, 1, 38], [504, 2432, 1060, 0], [610, 3432, 2026, 1], [167, 2322, 1116, 2]]"
1765544866.4173462,"[[-300, 5, 0, 39], [-300, 750, 0, 39], [-300, 1500, 0, 39]]","[[300, 1, 1, 39], [300, 755, 1, 39], [300, 1505, 1, 39], [503, 2431, 1060, 0], [613, 3431, 2026, 0], [167, 2322, 1116, 3], [593, 4410, 2971, 0]]"
1765544866.48158,"[[-300, 5, 0, 40], [-300, 750, 0, 40], [-300, 1500, 0, 40], [-410, 6217, 4730, 0]]","[[300, 1, 1, 40], [300, 755, 1, 40], [300, 1505, 1, 40], [503, 2431, 1060, 0], [610, 3433, 2026, 0], [213, 2546, 1116, 0], [593, 4410, 2971, 1]]"
1765544866.5518801,"[[-300, 5, 0, 41], [-300, 750, 0, 41], [-300, 1500, 0, 41], [-410, 6217, 4730, 1]]","[[300, 1, 1, 41], [300, 755, 1, 41], [300, 1505, 1, 41], [504, 2432, 1060, 0], [613, 3431, 2026, 0], [213, 2546, 1116, 1], [593, 4408, 2971, 0]]"
1765544866.622345,"[[-300, 5, 0, 42], [-300, 750, 0, 42], [-300, 1500, 0, 42], [-409, 6213, 4730, 0]]","[[300, 1, 1, 42], [300, 755, 1, 42], [300, 1505, 1, 42], [503, 2431, 1060, 0], [609, 3430, 2026, 0], [213, 2546, 1116, 2], [592, 4405, 2971, 0]]"
1765544866.6863463,"[[-300, 5, 0, 43], [-300, 750, 0, 43], [-300, 1500, 0, 43], [-409, 6213, 4730, 1]]","[[300, 1, 1, 43], [300, 755, 1, 43], [300, 1505, 1, 43], [504, 2432, 1060, 0], [609, 3430, 2026, 1], [213, 2546, 1116, 3], [592, 4405, 2971, 1]]"
1765544866.7557902,"[[-300, 5, 0, 44], [-300, 750, 0, 44], [-300, 1500, 0, 44], [-409, 6213, 4730, 2]]","[[300, 1, 1, 44], [300, 755, 1, 44], [300, 1505, 1, 44], [503, 2431, 1060, 0], [610, 3431, 2026, 0], [255, 2751, 1116, 0], [592, 4405, 2971, 2]]"
1765544866.8228695,"[[-300, 5, 0, 45], [-300, 750, 0, 45], [-300, 1500, 0, 45], [-409, 6212, 4730, 0]]","[[300, 1, 1, 45], [300, 755, 1, 45], [300, 1505, 1, 45], [504, 2432, 1060, 0], [610, 3431, 2026, 1], [273, 2842, 1116, 0], [592, 4405, 2971, 3]]"
1765544866.8872192,"[[-300, 5, 0, 46], [-300, 750, 0, 46], [-300, 1500, 0, 46], [-409, 6215, 4730, 0]]","[[300, 1, 1, 46], [300, 755, 1, 46], [300, 1505, 1, 46], [504, 2432, 1060, 0], [610, 3431, 2026, 2], [281, 2877, 1116, 0], [592, 4405, 2971, 4]]"
1765544866.9506009,"[[-300, 5, 0, 47], [-300, 750, 0, 47], [-300, 1500, 0, 47], [-409, 6215, 4730, 1]]","[[300, 1, 1, 47], [300, 755, 1, 47], [300, 1505, 1, 47], [503, 2431, 1060, 0], [613, 3431, 2026, 0], [281, 2877, 1116, 1]]"
1765544867.0208204,"[[-300, 5, 0, 48], [-300, 750, 0, 48], [-300, 1500, 0, 48], [-409, 6215, 4730, 2]]","[[300, 1, 1, 48], [300, 755, 1, 48], [300, 1505, 1, 48], [504, 2433, 1060, 0], [610, 3432, 2026, 0], [281, 2877, 1116, 2], [223, 2594, 965, 0]]"
1765544867.0847867,"[[-300, 5, 0, 49], [-300, 750, 0, 49], [-300, 1500, 0, 49], [-409, 6215, 4730, 3]]","[[300, 1, 1, 49], [300, 755, 1, 49], [300, 1505, 1, 49], [504, 2432, 1060, 0], [610, 3431, 2026, 0], [281, 2877, 1116, 3], [213, 2547, 965, 0]]"
1765544867.1474621,"[[-300, 5, 0, 50], [-300, 750, 0, 50], [-300, 1500, 0, 50], [-409, 6215, 4730, 4]]","[[300, 1, 1, 50], [300, 755, 1, 50], [300, 1505, 1, 50], [504, 2433, 1060, 0], [614, 3432, 2026, 0], [264, 2796, 1116, 0], [213, 2547, 965, 1]]"
1765544867.216101,"[[-300, 5, 0, 51], [-300, 750, 0, 51], [-300, 1500, 0, 51]]","[[300, 1, 1, 51], [300, 755, 1, 51], [300, 1505, 1, 51], [504, 2432, 1060, 0], [614, 3432, 2026, 1], [273, 2840, 1116, 0], [213, 2547, 965, 2]]"
1765544867.2815835,"[[-300, 5, 0, 52], [-300, 750, 0, 52], [-300, 1500, 0, 52]]","[[300, 1, 1, 52], [300, 755, 1, 52], [300, 1505, 1, 52], [503, 2431, 1060, 0], [614, 3432, 2026, 2], [321, 3077, 1116, 0], [213, 2547, 965, 3]]"
1765544867.3441799,"[[-300, 5, 0, 53], [-300, 750, 0, 53], [-300, 1500, 0, 53], [-410, 6223, 4737, 0]]","[[300, 1, 1, 53], [300, 755, 1, 53], [300, 1505, 1, 53], [503, 2431, 1060, 0], [613, 3431, 2026, 0], [321, 3077, 1116, 1], [213, 2546, 965, 0]]"
1765544867.415429,"[[-300, 5, 0, 54], [-300, 750, 0, 54], [-300, 1500, 0, 54], [-410, 6223, 4737, 1]]","[[300, 1, 1, 54], [300, 755, 1, 54], [300, 1505, 1, 54], [504, 2432, 1060, 0], [613, 3431, 2026, 1], [273, 2838, 1116, 0], [213, 2546, 965, 1]]"
1765544867.4819016,"[[-300, 5, 0, 55], [-300, 750, 0, 55], [-300, 1500, 0, 55], [-410, 6223, 4737, 2]]","[[300, 1, 1, 55], [300, 755, 1, 55], [300, 1505, 1, 55], [503, 2431, 1060, 0], [613, 3431, 2026, 2], [282, 2884, 1116, 0], [213, 2546, 965, 2]]"
1765544867.5452683,"[[-300, 5, 0, 56], [-300, 750, 0, 56], [-300, 1500, 0, 56], [-410, 6223, 4737, 3]]","[[300, 1, 1, 56], [300, 755, 1, 56], [300, 1505, 1, 56], [504, 2433, 1060, 0], [610, 3432, 2026, 0], [282, 2884, 1116, 1], [213, 2547, 965, 0]]"
1765544867.6155574,"[[-300, 5, 0, 57], [-300, 750, 0, 57], [-300, 1500, 0, 57], [-410, 6223, 4737, 4]]","[[300, 1, 1, 57], [300, 755, 1, 57], [300, 1505, 1, 57], [504, 2433, 1060, 0], [610, 3432, 2026, 0], [282, 2884, 1116, 2], [223, 2594, 965, 0]]"
1765544867.6844153,"[[-300, 5, 0, 58], [-300, 750, 0, 58], [-300, 1500, 0, 58]]","[[300, 1, 1, 58], [300, 755, 1, 58], [300, 1505, 1, 58], [504, 2432, 1060, 0], [613, 3431, 2026, 0], [282, 2884, 1116, 3], [186, 2416, 965, 0]]"
1765544867.7469435,"[[-300, 5, 0, 59], [-300, 750, 0, 59], [-300, 1500, 0, 59]]","[[300, 1, 1, 59], [300, 755, 1, 59], [300, 1505, 1, 59], [504, 2432, 1060, 0], [610, 3432, 2026, 0], [282, 2884, 1116, 4], [213, 2547, 965, 0]]"
1765544867.818105,"[[-300, 5, 0, 60], [-300, 750, 0, 60], [-300, 1500, 0, 60]]","[[300, 1, 1, 60], [300, 755, 1, 60], [300, 1505, 1, 60], [504, 2432, 1060, 0], [610, 3432, 2026, 1], [281, 2879, 1116, 0], [213, 2547, 965, 1]]"
1765544867.8859973,"[[-300, 5, 0, 61], [-300, 750, 0, 61], [-300, 1500, 0, 61]]","[[300, 1, 1, 61], [300, 755, 1, 61], [300, 1505, 1, 61], [503, 2431, 1060, 0], [614, 3432, 2026, 0], [281, 2879, 1116, 1], [213, 2546, 965, 0]]"
1765544867.94894,"[[-300, 5, 0, 62], [-300, 750, 0, 62], [-300, 1500, 0, 62], [-410, 6220, 4732, 0]]","[[300, 1, 1, 62], [300, 755, 1, 62], [300, 1505, 1, 62], [503, 2431, 1060, 0], [613, 3431, 2026, 0], [281, 2879, 1116, 2], [223, 2593, 965, 0]]"
1765544868.0201187,"[[-300, 5, 0, 63], [-300, 750, 0, 63], [-300, 1500, 0, 63], [-410, 6220, 4732, 1]]","[[300, 1, 1, 63], [300, 755, 1, 63], [300, 1505, 1, 63], [504, 2432, 1060, 0], [610, 3432, 2026, 0], [264, 2796, 1116, 0], [223, 2593, 965, 1]]"
1765544868.0871735,"[[-300, 5, 0, 64], [-300, 750, 0, 64], [-300, 1500, 0, 64], [-410, 6218, 4732, 0]]","[[300, 1, 1, 64], [300, 755, 1, 64], [300, 1505, 1, 64], [503, 2431, 1060, 0], [610, 3432, 2026, 0], [264, 2796, 1116, 1], [223, 2593, 965, 0]]"
1765544868.150856,"[[-300, 5, 0, 65], [-300, 750, 0, 65], [-300, 1500, 0, 65], [-410, 6217, 4732, 0]]","[[300, 1, 1, 65], [300, 755, 1, 65], [300, 1505, 1, 65], [504, 2432, 1060, 0], [610, 3432, 2026, 0], [264, 2796, 1116, 2], [223, 2593, 965, 1]]"
1765544868.2151182,"[[-300, 5, 0, 66], [-300, 750, 0, 66], [-300, 1500, 0, 66], [-410, 6217, 4732, 1]]","[[300, 1, 1, 66], [300, 755, 1, 66], [300, 1505, 1, 66], [504, 2432, 1060, 0], [610, 3432, 2026, 1], [281, 2878, 1116, 0], [223, 2593, 965, 2]]"
1765544868.2868385,"[[-300, 5, 0, 67], [-300, 750, 0, 67], [-300, 1500, 0, 67], [-410, 6217, 4732, 0]]","[[300, 1, 1, 67], [300, 755, 1, 67], [300, 1505, 1, 67], [503, 2431, 1060, 0], [610, 3432, 2026, 2], [272, 2834, 1116, 0], [223, 2593, 965, 3]]"
1765544868.3573034,"[[-300, 5, 0, 68], [-300, 750, 0, 68], [-300, 1500, 0, 68], [-410, 6217, 4732, 1]]","[[300, 1, 1, 68], [300, 755, 1, 68], [300, 1505, 1, 68], [503, 2431, 1060, 0], [610, 3432, 2026, 0], [272, 2834, 1116, 1], [223, 2593, 965, 4], [593, 4410, 2970, 0]]"
1765544868.4200656,"[[-300, 5, 0, 69], [-300, 750, 0, 69], [-300, 1500, 0, 69], [-410, 6217, 4732, 2]]","[[300, 1, 1, 69], [300, 755, 1, 69], [300, 1505, 1, 69], [503, 2431, 1060, 0], [610, 3432, 2026, 0], [272, 2834, 1116, 2], [244, 2700, 965, 0], [593, 4410, 2970, 1]]"
1765544868.4833305,"[[-300, 5, 0, 70], [-300, 750, 0, 70], [-300, 1500, 0, 70], [-410, 6220, 4732, 0]]","[[300, 1, 1, 70], [300, 755, 1, 70], [300, 1505, 1, 70], [504, 2432, 1060, 0], [610, 3432, 2026, 0], [272, 2834, 1116, 3], [213, 2547, 965, 0], [593, 4410, 2970, 2]]"
1765544868.5543077,"[[-300, 5, 0, 71], [-300, 750, 0, 71], [-300, 1500, 0, 71], [-409, 6212, 4732, 0]]","[[300, 1, 1, 71], [300, 755, 1, 71], [300, 1505, 1, 71], [504, 2432, 1060, 0], [614, 3432, 2026, 0], [272, 2834, 1116, 4], [213, 2547, 965, 0], [593, 4410, 2970, 3]]"
1765544868.6276186,"[[-300, 5, 0, 72], [-300, 750, 0, 72], [-300, 1500, 0, 72], [-375, 5821, 4732, 0]]","[[300, 1, 1, 72], [300, 755, 1, 72], [300, 1505, 1, 72], [503, 2431, 1060, 0], [609, 3430, 2026, 0], [264, 2798, 1116, 0], [213, 2547, 965, 1], [593, 4410, 2970, 4]]"
1765544868.6978383,"[[-300, 5, 0, 73], [-300, 750, 0, 73], [-300, 1500, 0, 73], [-375, 5821, 4732, 1]]","[[300, 1, 1, 73], [300, 755, 1, 73], [300, 1505, 1, 73], [503, 2431, 1060, 0], [610, 3431, 2026, 0], [255, 2752, 1116, 0], [213, 2547, 965, 2]]"
1765544868.7630408,"[[-300, 5, 0, 74], [-300, 750, 0, 74], [-300, 1500, 0, 74], [-410, 6217, 4732, 0]]","[[300, 1, 1, 74], [300, 755, 1, 74], [300, 1505, 1, 74], [504, 2432, 1060, 0], [610, 3432, 2026, 0], [255, 2752, 1116, 1], [213, 2547, 965, 3]]"
1765544868.826416,"[[-300, 5, 0, 75], [-300, 750, 0, 75], [-300, 1500, 0, 75], [-410, 6217, 4732, 1]]","[[300, 1, 1, 75], [300, 755, 1, 75], [300, 1505, 1, 75], [504, 2432, 1060, 0], [610, 3432, 2026, 0], [255, 2752, 1116, 2], [213, 2547, 965, 0]]"
1765544868.8950462,"[[-300, 5, 0, 76], [-300, 750, 0, 76], [-300, 1500, 0, 76], [-410, 6217, 4732, 2]]","[[300, 1, 1, 76], [300, 755, 1, 76], [300, 1505, 1, 76], [503, 2431, 1060, 0], [613, 3431, 2026, 0], [255, 2752, 1116, 3], [213, 2547, 965, 0]]"
1765544868.9637163,"[[-300, 5, 0, 77], [-300, 750, 0, 77], [-300, 1500, 0, 77], [-410, 6217, 4732, 3]]","[[300, 1, 1, 77], [300, 755, 1, 77], [300, 1505, 1, 77], [504, 2433, 1060, 0], [610, 3432, 2026, 0], [255, 2752, 1116, 4], [223, 2595, 965, 0]]"
1765544869.0258658,"[[-300, 5, 0, 78], [-300, 750, 0, 78], [-300, 1500, 0, 78], [-410, 6217, 4732, 4]]","[[300, 1, 1, 78], [300, 755, 1, 78], [300, 1505, 1, 78], [504, 2432, 1060, 0], [610, 3433, 2026, 0], [213, 2548, 965, 0]]"
1765544869.095554,"[[-300, 5, 0, 79], [-300, 750, 0, 79], [-300, 1500, 0, 79]]","[[300, 1, 1, 79], [300, 755, 1, 79], [300, 1505, 1, 79], [503, 2431, 1060, 0], [610, 3431, 2026, 0], [264, 2798, 965, 0]]"
1765544869.159603,"[[-300, 5, 0, 80], [-300, 750, 0, 80], [-300, 1500, 0, 80]]","[[300, 1, 1, 80], [300, 755, 1, 80], [300, 1505, 1, 80], [503, 2431, 1060, 0], [610, 3431, 2026, 1], [280, 2873, 965, 0]]"
1765544869.2218637,"[[-300, 5, 0, 81], [-300, 750, 0, 81], [-300, 1500, 0, 81]]","[[300, 1, 1, 81], [300, 755, 1, 81], [300, 1505, 1, 81], [504, 2432, 1060, 0], [614, 3432, 2026, 0], [280, 2873, 965, 1]]"
1765544869.2918313,"[[-300, 5, 0, 82], [-300, 750, 0, 82], [-300, 1500, 0, 82]]","[[300, 1, 1, 82], [300, 755, 1, 82], [300, 1505, 1, 82], [504, 2432, 1060, 0], [614, 3432, 2026, 0], [280, 2873, 965, 2], [593, 4411, 2974, 0]]"
1765544869.3578053,"[[-300, 5, 0, 83], [-300, 750, 0, 83], [-300, 1500, 0, 83]]","[[300, 1, 1, 83], [300, 755, 1, 83], [300, 1505, 1, 83], [504, 2432, 1060, 0], [614, 3432, 2026, 0], [280, 2873, 965, 3], [593, 4411, 2974, 1]]"
1765544869.4229934,"[[-300, 5, 0, 84], [-300, 750, 0, 84], [-300, 1500, 0, 84]]","[[300, 1, 1, 84], [300, 755, 1, 84], [300, 1505, 1, 84], [503, 2431, 1060, 0], [614, 3432, 2026, 0], [280, 2873, 965, 4], [593, 4411, 2974, 2], [213, 2548, 1117, 0]]"
1765544869.4943218,"[[-300, 5, 0, 85], [-300, 750, 0, 85], [-300, 1500, 0, 85]]","[[300, 1, 1, 85], [300, 755, 1, 85], [300, 1505, 1, 85], [504, 2433, 1060, 0], [614, 3433, 2026, 0], [593, 4411, 2974, 3], [213, 2548, 1117, 0]]"
1765544869.5635083,"[[-300, 5, 0, 86], [-300, 750, 0, 86], [-300, 1500, 0, 86], [-410, 6218, 4734, 0]]","[[300, 1, 1, 86], [300, 755, 1, 86], [300, 1505, 1, 86], [503, 2431, 1060, 0], [610, 3432, 2026, 0], [593, 4411, 2974, 4], [223, 2593, 1117, 0]]"
1765544869.626729,"[[-300, 5, 0, 87], [-300, 750, 0, 87], [-300, 1500, 0, 87], [-410, 6218, 4734, 1]]","[[300, 1, 1, 87], [300, 755, 1, 87], [300, 1505, 1, 87], [504, 2432, 1060, 0], [610, 3433, 2026, 0], [223, 2593, 1117, 0]]"
1765544869.6993122,"[[-300, 5, 0, 88], [-300, 750, 0, 88], [-300, 1500, 0, 88], [-375, 5821, 4734, 0]]","[[300, 1, 1, 88], [300, 755, 1, 88], [300, 1505, 1, 88], [504, 2432, 1060, 0], [614, 3432, 2026, 0], [223, 2593, 1117, 1]]"
1765544869.7663054,"[[-300, 5, 0, 89], [-300, 750, 0, 89], [-300, 1500, 0, 89], [-375, 5821, 4734, 1]]","[[300, 1, 1, 89], [300, 755, 1, 89], [300, 1505, 1, 89], [503, 2431, 1060, 0], [614, 3433, 2026, 0], [264, 2796, 1117, 0]]"
1765544869.8288836,"[[-300, 5, 0, 90], [-300, 750, 0, 90], [-300, 1500, 0, 90], [-375, 5821, 4734, 2]]","[[300, 1, 1, 90], [300, 755, 1, 90], [300, 1505, 1, 90], [503, 2431, 1060, 0], [610, 3431, 2026, 0], [264, 2796, 1117, 1], [593, 4411, 2969, 0]]"
1765544869.8934412,"[[-300, 5, 0, 91], [-300, 750, 0, 91], [-300, 1500, 0, 91], [-410, 6218, 4734, 0]]","[[300, 1, 1, 91], [300, 755, 1, 91], [300, 1505, 1, 91], [503, 2431, 1060, 0], [610, 3431, 2026, 0], [264, 2796, 1117, 2], [593, 4409, 2969, 0]]"
1765544869.9654155,"[[-300, 5, 0, 92], [-300, 750, 0, 92], [-300, 1500, 0, 92], [-410, 6218, 4734, 1]]","[[300, 1, 1, 92], [300, 755, 1, 92], [300, 1505, 1, 92], [504, 2432, 1060, 0], [613, 3431, 2026, 0], [264, 2796, 1117, 3], [593, 4408, 2969, 0]]"
1765544870.0355675,"[[-300, 5, 0, 93], [-300, 750, 0, 93], [-300, 1500, 0, 93], [-409, 6214, 4734, 0], [-259, 3550, 1997, 0]]","[[300, 1, 1, 93], [300, 755, 1, 93], [300, 1505, 1, 93], [504, 2432, 1060, 0], [610, 3432, 2026, 0], [223, 2593, 1117, 0], [593, 4408, 2969, 1]]"
1765544870.1009476,"[[-300, 5, 0, 94], [-300, 750, 0, 94], [-300, 1500, 0, 94], [-409, 6214, 4734, 1], [-259, 3550, 1997, 1]]","[[300, 1, 1, 94], [300, 755, 1, 94], [300, 1505, 1, 94], [503, 2431, 1060, 0], [610, 3432, 2026, 0], [213, 2548, 1117, 0], [593, 4408, 2969, 2]]"
1765544870.173783,"[[-300, 5, 0, 95], [-300, 750, 0, 95], [-300, 1500, 0, 95], [-410, 6218, 4734, 0], [-291, 3772, 1997, 0]]","[[300, 1, 1, 95], [300, 755, 1, 95], [300, 1505, 1, 95], [503, 2431, 1060, 0], [610, 3431, 2026, 0], [213, 2548, 1117, 1], [594, 4412, 2969, 0]]"
1765544870.2434273,"[[-300, 5, 0, 96], [-300, 750, 0, 96], [-300, 1500, 0, 96], [-410, 6218, 4734, 1], [-291, 3772, 1997, 1]]","[[300, 1, 1, 96], [300, 755, 1, 96], [300, 1505, 1, 96], [504, 2433, 1060, 0], [614, 3432, 2026, 0], [213, 2546, 1117, 0], [594, 4412, 2969, 1]]"
1765544870.3089945,"[[-300, 5, 0, 97], [-300, 750, 0, 97], [-300, 1500, 0, 97], [-375, 5821, 4734, 0], [-291, 3772, 1997, 2]]","[[300, 1, 1, 97], [300, 755, 1, 97], [300, 1505, 1, 97], [504, 2432, 1060, 0], [613, 3431, 2026, 0], [213, 2546, 1117, 1], [592, 4405, 2969, 0]]"
1765544870.37937,"[[-300, 5, 0, 98], [-300, 750, 0, 98], [-300, 1500, 0, 98], [-375, 5821, 4734, 1], [-291, 3772, 1997, 3]]","[[300, 1, 1, 98], [300, 755, 1, 98], [300, 1505, 1, 98], [504, 2432, 1060, 0], [614, 3433, 2026, 0], [223, 2594, 1117, 0], [592, 4405, 2969, 1]]"
1765544870.447688,"[[-300, 5, 0, 99], [-300, 750, 0, 99], [-300, 1500, 0, 99], [-409, 6214, 4734, 0], [-291, 3772, 1997, 4]]","[[300, 1, 1, 99], [300, 755, 1, 99], [300, 1505, 1, 99], [504, 2432, 1060, 0], [610, 3431, 2026, 0], [192, 2445, 1117, 0], [592, 4405, 2969, 2]]"
1765544870.5123115,"[[-300, 5, 0, 100], [-300, 750, 0, 100], [-300, 1500, 0, 100], [-409, 6214, 4734, 1], [-251, 3484, 1997, 0]]","[[300, 1, 1, 100], [300, 755, 1, 100], [300, 1505, 1, 100], [504, 2432, 1060, 0], [613, 3431, 2026, 0], [192, 2445, 1117, 1], [592, 4405, 2969, 3]]"
1765544870.584724,"[[-300, 5, 0, 101], [-300, 750, 0, 101], [-300, 1500, 0, 101], [-409, 6215, 4734, 0], [-251, 3484, 1997, 1]]","[[300, 1, 1, 101], [300, 755, 1, 101], [300, 1505, 1, 101], [503, 2431, 1060, 0], [610, 3432, 2026, 0], [223, 2594, 1117, 0], [592, 4405, 2969, 4]]"
1765544870.6542592,"[[-300, 5, 0, 102], [-300, 750, 0, 102], [-300, 1500, 0, 102], [-410, 6221, 4734, 0], [-251, 3484, 1997, 2]]","[[300, 1, 1, 102], [300, 755, 1, 102], [300, 1505, 1, 102], [503, 2431, 1060, 0], [613, 3431, 2026, 0], [264, 2797, 1117, 0]]"
1765544870.7197583,"[[-300, 5, 0, 103], [-300, 750, 0, 103], [-300, 1500, 0, 103], [-410, 6217, 4734, 0], [-251, 3484, 1997, 3]]","[[300, 1, 1, 103], [300, 755, 1, 103], [300, 1505, 1, 103], [503, 2431, 1060, 0], [610, 3431, 2026, 0], [223, 2595, 1117, 0]]"
1765544870.7915184,"[[-300, 5, 0, 104], [-300, 750, 0, 104], [-300, 1500, 0, 104], [-409, 6215, 4734, 0], [-251, 3484, 1997, 4]]","[[300, 1, 1, 104], [300, 755, 1, 104], [300, 1505, 1, 104], [503, 2431, 1060, 0], [610, 3431, 2026, 0], [264, 2798, 1117, 0]]"
1765544870.8608096,"[[-300, 5, 0, 105], [-300, 750, 0, 105], [-300, 1500, 0, 105], [-409, 6215, 4734, 1]]","[[300, 1, 1, 105], [300, 755, 1, 105], [300, 1505, 1, 105], [504, 2432, 1060, 0], [610, 3431, 2026, 1], [281, 2878, 1117, 0]]"
1765544870.9249907,"[[-300, 5, 0, 106], [-300, 750, 0, 106], [-300, 1500, 0, 106], [-409, 6215, 4734, 2]]","[[300, 1, 1, 106], [300, 755, 1, 106], [300, 1505, 1, 106], [503, 2431, 1060, 0], [610, 3433, 2026, 0], [281, 2878, 1117, 1]]"
1765544870.9878528,"[[-300, 5, 0, 107], [-300, 750, 0, 107], [-300, 1500, 0, 107], [-409, 6215, 4734, 3]]","[[300, 1, 1, 107], [300, 755, 1, 107], [300, 1505, 1, 107], [503, 2431, 1060, 0], [610, 3431, 2026, 0], [281, 2878, 1117, 2]]"
1765544871.0597637,"[[-300, 5, 0, 108], [-300, 750, 0, 108], [-300, 1500, 0, 108], [-409, 6215, 4734, 4]]","[[300, 1, 1, 108], [300, 755, 1, 108], [300, 1505, 1, 108], [503, 2431, 1060, 0], [610, 3431, 2026, 1], [273, 2842, 1117, 0]]"
1765544871.1289475,"[[-300, 5, 0, 109], [-300, 750, 0, 109], [-300, 1500, 0, 109]]","[[300, 1, 1, 109], [300, 755, 1, 109], [300, 1505, 1, 109], [504, 2432, 1060, 0], [613, 3431, 2026, 0], [273, 2842, 1117, 1], [213, 2548, 1068, 0]]"
1765544871.1915379,"[[-300, 5, 0, 110], [-300, 750, 0, 110], [-300, 1500, 0, 110]]","[[300, 1, 1, 110], [300, 755, 1, 110], [300, 1505, 1, 110], [503, 2431, 1060, 0], [610, 3431, 2026, 0], [264, 2795, 1117, 0], [213, 2548, 1068, 1]]"
1765544871.263227,"[[-300, 5, 0, 111], [-300, 750, 0, 111], [-300, 1500, 0, 111]]","[[300, 1, 1, 111], [300, 755, 1, 111], [300, 1505, 1, 111], [503, 2431, 1060, 0], [610, 3431, 2026, 1], [273, 2840, 1117, 0], [213, 2548, 1068, 2]]"
1765544871.3333366,"[[-300, 5, 0, 112], [-300, 750, 0, 112], [-300, 1500, 0, 112]]","[[300, 1, 1, 112], [300, 755, 1, 112], [300, 1505, 1, 112], [503, 2431, 1060, 0], [610, 3431, 2026, 0], [273, 2840, 1117, 1], [213, 2548, 1068, 3]]"
1765544871.3956735,"[[-300, 5, 0, 113], [-300, 750, 0, 113], [-300, 1500, 0, 113]]","[[300, 1, 1, 113], [300, 755, 1, 113], [300, 1505, 1, 113], [503, 2430, 1060, 0], [610, 3432, 2026, 0], [273, 2840, 1117, 2], [213, 2548, 1068, 4], [592, 4404, 2968, 0]]"
1765544871.4671435,"[[-300, 5, 0, 114], [-300, 750, 0, 114], [-300, 1500, 0, 114]]","[[300, 1, 1, 114], [300, 755, 1, 114], [300, 1505, 1, 114], [504, 2433, 1060, 0], [610, 3432, 2026, 1], [328, 3110, 1117, 0], [592, 4404, 2968, 1]]"
1765544871.5361307,"[[-300, 5, 0, 115], [-300, 750, 0, 115], [-300, 1500, 0, 115]]","[[300, 1, 1, 115], [300, 755, 1, 115], [300, 1505, 1, 115], [504, 2432, 1060, 0], [610, 3432, 2026, 0], [328, 3110, 1117, 1], [592, 4404, 2968, 2]]"
1765544871.5994198,"[[-300, 5, 0, 116], [-300, 750, 0, 116], [-300, 1500, 0, 116]]","[[300, 1, 1, 116], [300, 755, 1, 116], [300, 1505, 1, 116], [503, 2431, 1060, 0], [614, 3433, 2026, 0], [328, 3110, 1117, 2], [592, 4404, 2968, 3], [213, 2547, 1117, 0]]"
1765544871.6688583,"[[-300, 5, 0, 117], [-300, 750, 0, 117], [-300, 1500, 0, 117]]","[[300, 1, 1, 117], [300, 755, 1, 117], [300, 1505, 1, 117], [504, 2432, 1060, 0], [614, 3433, 2026, 1], [273, 2840, 1117, 0], [592, 4404, 2968, 4], [213, 2547, 1117, 1]]"
1765544871.7369924,"[[-300, 5, 0, 118], [-300, 750, 0, 118], [-300, 1500, 0, 118]]","[[300, 1, 1, 118], [300, 755, 1, 118], [300, 1505, 1, 118], [504, 2432, 1060, 0], [613, 3431, 2026, 0], [273, 2840, 1117, 1], [593, 4409, 2968, 0], [213, 2547, 1117, 2]]"
1765544871.801062,"[[-300, 5, 0, 119], [-300, 750, 0, 119], [-300, 1500, 0, 119]]","[[300, 1, 1, 119], [300, 755, 1, 119], [300, 1505, 1, 119], [504, 2432, 1060, 0], [610, 3431, 2026, 0], [273, 2840, 1117, 2], [593, 4409, 2968, 1], [236, 2650, 1117, 0]]"
1765544871.8737082,"[[-300, 5, 0, 120], [-300, 750, 0, 120], [-300, 1500, 0, 120]]","[[300, 1, 1, 120], [300, 755, 1, 120], [300, 1505, 1, 120], [503, 2431, 1060, 0], [613, 3431, 2026, 0], [264, 2795, 1117, 0], [593, 4409, 2968, 2], [236, 2650, 1117, 1]]"
1765544871.9375792,"[[-300, 5, 0, 121], [-300, 750, 0, 121], [-300, 1500, 0, 121]]","[[300, 1, 1, 121], [300, 755, 1, 121], [300, 1505, 1, 121], [503, 2431, 1060, 0], [614, 3432, 2026, 0], [264, 2795, 1117, 1], [593, 4409, 2968, 3], [192, 2444, 1117, 0]]"
1765544872.0001552,"[[-300, 5, 0, 122], [-300, 750, 0, 122], [-300, 1500, 0, 122]]","[[300, 1, 1, 122], [300, 755, 1, 122], [300, 1505, 1, 122], [503, 2430, 1060, 0], [614, 3432, 2026, 0], [264, 2795, 1117, 2], [593, 4410, 2968, 0], [192, 2444, 1117, 1]]"
1765544872.0635285,"[[-300, 5, 0, 123], [-300, 750, 0, 123], [-300, 1500, 0, 123]]","[[300, 1, 1, 123], [300, 755, 1, 123], [300, 1505, 1, 123], [504, 2432, 1060, 0], [613, 3430, 2026, 0], [264, 2795, 1117, 3], [593, 4410, 2968, 1], [223, 2593, 1117, 0]]"
1765544872.135422,"[[-300, 5, 0, 124], [-300, 750, 0, 124], [-300, 1500, 0, 124]]","[[300, 1, 1, 124], [300, 755, 1, 124], [300, 1505, 1, 124], [503, 2431, 1060, 0], [614, 3432, 2026, 0], [264, 2795, 1117, 0], [593, 4410, 2968, 2], [223, 2593, 1117, 1]]"
1765544872.2015324,"[[-300, 5, 0, 125], [-300, 750, 0, 125], [-300, 1500, 0, 125]]","[[300, 1, 1, 125], [300, 755, 1, 125], [300, 1505, 1, 125], [503, 2431, 1060, 0], [610, 3432, 2026, 0], [264, 2796, 1117, 0], [593, 4410, 2968, 3], [223, 2593, 1117, 2]]"
1765544872.2662184,"[[-300, 5, 0, 126], [-300, 750, 0, 126], [-300, 1500, 0, 126]]","[[300, 1, 1, 126], [300, 755, 1, 126], [300, 1505, 1, 126], [503, 2431, 1060, 0], [614, 3432, 2026, 0], [264, 2796, 1117, 1], [593, 4410, 2968, 4], [213, 2546, 1117, 0]]"
1765544872.33618,"[[-300, 5, 0, 127], [-300, 750, 0, 127], [-300, 1500, 0, 127], [-410, 6219, 4735, 0]]","[[300, 1, 1, 127], [300, 755, 1, 127], [300, 1505, 1, 127], [503, 2431, 1060, 0], [614, 3432, 2026, 0], [264, 2796, 1117, 2], [213, 2547, 1117, 0]]"
1765544872.401823,"[[-300, 5, 0, 128], [-300, 750, 0, 128], [-300, 1500, 0, 128], [-409, 6213, 4735, 0]]","[[300, 1, 1, 128], [300, 755, 1, 128], [300, 1505, 1, 128], [503, 2431, 1060, 0], [614, 3432, 2026, 0], [264, 2796, 1117, 3], [223, 2593, 1117, 0]]"
1765544872.4641066,"[[-300, 5, 0, 129], [-300, 750, 0, 129], [-300, 1500, 0, 129], [-409, 6213, 4735, 1]]","[[300, 1, 1, 129], [300, 755, 1, 129], [300, 1505, 1, 129], [504, 2433, 1060, 0], [613, 3431, 2026, 0], [264, 2796, 1117, 4], [213, 2547, 1117, 0]]"
1765544872.5358577,"[[-300, 5, 0, 130], [-300, 750, 0, 130], [-300, 1500, 0, 130], [-409, 6213, 4735, 2]]","[[300, 1, 1, 130], [300, 755, 1, 130], [300, 1505, 1, 130], [503, 2431, 1060, 0], [610, 3431, 2026, 0], [223, 2594, 1117, 0]]"
1765544872.6048753,"[[-300, 5, 0, 131], [-300, 750, 0, 131], [-300, 1500, 0, 131], [-409, 6213, 4735, 3]]","[[300, 1, 1, 131], [300, 755, 1, 131], [300, 1505, 1, 131], [503, 2431, 1060, 0], [613, 3431, 2026, 0], [213, 2547, 1117, 0]]"
1765544872.6689565,"[[-300, 5, 0, 132], [-300, 750, 0, 132], [-300, 1500, 0, 132], [-376, 5828, 4735, 0]]","[[300, 1, 1, 132], [300, 755, 1, 132], [300, 1505, 1, 132], [503, 2431, 1060, 0], [614, 3432, 2026, 0], [203, 2498, 1117, 0]]"
1765544872.7410147,"[[-300, 5, 0, 133], [-300, 750, 0, 133], [-300, 1500, 0, 133], [-410, 6217, 4735, 0]]","[[300, 1, 1, 133], [300, 755, 1, 133], [300, 1505, 1, 133], [503, 2431, 1060, 0], [610, 3431, 2026, 0], [223, 2593, 1117, 0]]"
1765544872.8101945,"[[-300, 5, 0, 134], [-300, 750, 0, 134], [-300, 1500, 0, 134], [-410, 6217, 4735, 1]]","[[300, 1, 1, 134], [300, 755, 1, 134], [300, 1505, 1, 134], [503, 2431, 1060, 0], [614, 3432, 2026, 0], [213, 2546, 1117, 0]]"
1765544872.8735027,"[[-300, 5, 0, 135], [-300, 750, 0, 135], [-300, 1500, 0, 135], [-410, 6217, 4735, 2]]","[[300, 1, 1, 135], [300, 755, 1, 135], [300, 1505, 1, 135], [503, 2431, 1060, 0], [614, 3433, 2026, 0], [213, 2546, 1117, 0]]"
1765544872.9405992,"[[-300, 5, 0, 136], [-300, 750, 0, 136], [-300, 1500, 0, 136], [-410, 6217, 4735, 3]]","[[300, 1, 1, 136], [300, 755, 1, 136], [300, 1505, 1, 136], [504, 2432, 1060, 0], [613, 3431, 2026, 0], [223, 2595, 1117, 0]]"
1765544873.0047748,"[[-300, 5, 0, 137], [-300, 750, 0, 137], [-300, 1500, 0, 137], [-410, 6217, 4735, 4]]","[[300, 1, 1, 137], [300, 755, 1, 137], [300, 1505, 1, 137], [503, 2431, 1060, 0], [610, 3432, 2026, 0], [223, 2593, 1117, 0]]"
1765544873.076087,"[[-300, 5, 0, 138], [-300, 750, 0, 138], [-300, 1500, 0, 138]]","[[300, 1, 1, 138], [300, 755, 1, 138], [300, 1505, 1, 138], [504, 2433, 1060, 0], [610, 3432, 2026, 0], [213, 2548, 1117, 0]]"
1765544873.1451833,"[[-300, 5, 0, 139], [-300, 750, 0, 139], [-300, 1500, 0, 139]]","[[300, 1, 1, 139], [300, 755, 1, 139], [300, 1505, 1, 139], [503, 2431, 1060, 0], [610, 3432, 2026, 0], [213, 2547, 1117, 0]]"
1765544873.2082906,"[[-300, 5, 0, 140], [-300, 750, 0, 140], [-300, 1500, 0, 140]]","[[300, 1, 1, 140], [300, 755, 1, 140], [300, 1505, 1, 140], [504, 2432, 1060, 0], [614, 3432, 2026, 0], [213, 2547, 1117, 0]]"
1765544873.271435,"[[-300, 5, 0, 141], [-300, 750, 0, 141], [-299, 1500, 0, 141]]","[[299, 0, 1, 141], [299, 754, 1, 141], [300, 1504, 1, 141], [504, 2433, 1060, 0], [613, 3431, 2026, 0], [213, 2547, 1117, 0]]"
1765544873.3414116,"[[-300, 744, 0, 142], [-299, 1494, 0, 142]]","[[299, 748, 1, 142], [300, 1498, 1, 142], [503, 2431, 1060, 0], [613, 3431, 2026, 0], [213, 2546, 1117, 0]]"
1765544873.4099789,"[[-300, 732, 0, 143], [-299, 1482, 0, 143]]","[[299, 736, 1, 143], [300, 1486, 1, 143], [503, 2431, 1060, 0], [613, 3419, 2026, 1], [213, 2534, 1117, 1]]"
1765544873.4752057,"[[-300, 708, 0, 144], [-299, 1458, 0, 144]]","[[299, 712, 1, 144], [300, 1462, 1, 144], [507, 2437, 1060, 0], [613, 3395, 2026, 2], [213, 2510, 1117, 2]]"
1765544873.5451121,"[[-300, 684, 0, 145], [-299, 1434, 0, 145]]","[[299, 688, 1, 145], [300, 1438, 1, 145], [507, 2413, 1060, 1], [613, 3371, 2026, 3], [213, 2486, 1117, 3]]"
1765544873.6153948,"[[-300, 637, 0, 146], [-299, 1387, 0, 146]]","[[299, 641, 1, 146], [300, 1391, 1, 146], [497, 2420, 1060, 0], [613, 3324, 2026, 4], [213, 2439, 1117, 4], [408, 2784, 1363, 0]]"
1765544873.6770816,"[[-300, 625, 0, 147], [-299, 1375, 0, 147]]","[[299, 629, 1, 147], [300, 1379, 1, 147], [489, 2404, 1060, 0], [408, 2772, 1363, 1]]"
1765544873.7389765,"[[-300, 590, 0, 148], [-299, 1340, 0, 148]]","[[299, 594, 1, 148], [300, 1344, 1, 148], [481, 2390, 1060, 0], [408, 2737, 1363, 2], [148, 2226, 621, 0]]"
1765544873.8110735,"[[-300, 532, 0, 149], [-299, 1282, 0, 149]]","[[299, 536, 1, 149], [300, 1286, 1, 149], [478, 2383, 1060, 0], [408, 2679, 1363, 3], [108, 2021, 621, 0], [587, 3308, 1936, 0]]"
1765544873.8797314,"[[-300, 497, 0, 150], [-299, 1247, 0, 150], [-105, 2334, 766, 0]]","[[299, 501, 1, 150], [300, 1251, 1, 150], [451, 2334, 1060, 0], [408, 2644, 1363, 4], [154, 2233, 621, 0], [587, 3269, 1936, 0]]"
1765544873.9422836,"[[-300, 462, 0, 151], [-299, 1212, 0, 151], [-105, 2299, 766, 1]]","[[299, 466, 1, 151], [300, 1216, 1, 151], [424, 2282, 1060, 0], [203, 2448, 621, 0], [586, 3228, 1936, 0]]"
1765544874.0045385,"[[-300, 438, 0, 152], [-299, 1188, 0, 152], [-104, 2275, 766, 2]]","[[298, 442, 1, 152], [299, 1192, 1, 152], [424, 2258, 1060, 1], [203, 2424, 621, 1], [580, 3192, 1936, 0]]"
1765544874.0775127,"[[-300, 386, 0, 153], [-299, 1136, 0, 153], [-104, 2223, 766, 3]]","[[298, 390, 1, 153], [299, 1140, 1, 153], [424, 2206, 1060, 2], [119, 2268, 621, 0], [587, 3185, 1936, 0]]"
1765544874.1474833,"[[-300, 345, 0, 154], [-299, 1095, 0, 154], [-103, 2182, 766, 4], [-334, 2325, 953, 0]]","[[297, 349, 1, 154], [298, 1099, 1, 154], [424, 2165, 1060, 3], [119, 2227, 621, 1], [587, 3144, 1936, 1]]"
1765544874.2117581,"[[-300, 298, 0, 155], [-299, 1048, 0, 155], [-342, 2283, 953, 0]]","[[297, 302, 1, 155], [298, 1052, 1, 155], [424, 2118, 1060, 4], [119, 2180, 621, 2], [587, 3097, 1936, 2], [755, 3799, 2559, 0]]"
1765544874.2823732,"[[-300, 257, 0, 156], [-299, 1007, 0, 156], [-352, 2272, 953, 0]]","[[297, 261, 1, 156], [298, 1011, 1, 156], [424, 2077, 1060, 5], [119, 2139, 621, 3], [515, 2987, 1936, 0], [725, 3744, 2559, 0]]"
1765544874.3492732,"[[-300, 216, 0, 157], [-299, 966, 0, 157], [-367, 2203, 953, 0]]","[[297, 220, 1, 157], [298, 970, 1, 157], [424, 2036, 1060, 6], [119, 2098, 621, 4], [515, 2946, 1936, 1], [708, 3865, 2559, 0]]"
1765544874.4103525,"[[-300, 169, 0, 158], [-299, 919, 0, 158], [-367, 2156, 953, 1]]","[[297, 173, 1, 158], [298, 923, 1, 158], [424, 1989, 1060, 7], [463, 3046, 1936, 0], [708, 3818, 2559, 1]]"
1765544874.4791698,"[[-300, 128, 0, 159], [-299, 878, 0, 159], [-367, 2115, 953, 2]]","[[297, 132, 1, 159], [298, 882, 1, 159], [424, 1948, 1060, 8], [421, 2993, 1936, 0], [708, 3777, 2559, 2]]"
1765544874.5475497,"[[-300, 81, 0, 160], [-299, 831, 0, 160], [-367, 2068, 953, 3]]","[[297, 85, 1, 160], [298, 835, 1, 160], [424, 1901, 1060, 9], [421, 2958, 1936, 0], [708, 3730, 2559, 3], [329, 3938, 2496, 0]]"
1765544874.6131465,"[[-299, 40, 0, 161], [-298, 790, 0, 161], [-367, 2027, 953, 4]]","[[297, 44, 1, 161], [298, 794, 1, 161], [423, 1860, 1060, 10], [351, 2830, 1936, 0], [707, 3689, 2559, 4], [328, 3897, 2496, 1]]"
1765544874.6843467,"[[-298, 743, 0, 162], [-367, 1980, 953, 5]]","[[298, 747, 1, 162], [423, 1813, 1060, 11], [379, 2888, 1936, 0], [328, 3850, 2496, 2]]"
1765544874.75234,"[[-298, 702, 0, 163], [-367, 1939, 953, 6], [-653, 3642, 2279, 0]]","[[298, 706, 1, 163], [423, 1772, 1060, 12], [404, 2802, 1936, 0], [328, 3809, 2496, 3]]"
1765544874.8152819,"[[-298, 661, 0, 164], [-366, 1898, 953, 7], [-652, 3601, 2279, 1]]","[[297, 665, 1, 164], [423, 1731, 1060, 13], [432, 2781, 1936, 0], [328, 3768, 2496, 4]]"
1765544874.8800151,"[[-298, 614, 0, 165], [-366, 1851, 953, 8], [-652, 3554, 2279, 2]]","[[297, 618, 1, 165], [423, 1684, 1060, 14], [432, 2734, 1936, 1], [354, 3715, 2496, 0]]"
1765544874.9502811,"[[-298, 573, 0, 166], [-366, 1810, 953, 9], [-652, 3513, 2279, 3]]","[[297, 577, 1, 166], [423, 1643, 1060, 15], [437, 2673, 1936, 0], [360, 3663, 2496, 0]]"
1765544875.0139306,"[[-298, 532, 0, 167], [-366, 1769, 953, 10], [-652, 3472, 2279, 4]]","[[297, 536, 1, 167], [423, 1602, 1060, 16], [433, 2628, 1936, 0], [357, 3625, 2496, 0]]"
1765544875.0767915,"[[-298, 485, 0, 168], [-366, 1722, 953, 11]]","[[297, 489, 1, 168], [423, 1555, 1060, 17], [430, 2589, 1936, 0], [314, 3506, 2496, 0]]"
1765544875.144031,"[[-298, 444, 0, 169], [-366, 1681, 953, 12], [-406, 2420, 1192, 0]]","[[297, 448, 1, 169], [423, 1514, 1060, 18], [430, 2548, 1936, 1], [341, 3548, 2496, 0]]"
1765544875.2086763,"[[-297, 403, 0, 170], [-366, 1640, 953, 13], [-430, 2437, 1192, 0]]","[[297, 407, 1, 170], [422, 1473, 1060, 19], [422, 2510, 1936, 0], [339, 3514, 2496, 0]]"
1765544875.2778025,"[[-297, 356, 0, 171], [-366, 1593, 953, 14], [-454, 2469, 1192, 0]]","[[297, 360, 1, 171], [422, 1426, 1060, 20], [426, 2466, 1936, 0], [339, 3467, 2496, 1]]"
1765544875.3422606,"[[-297, 321, 0, 172], [-366, 1558, 953, 15], [-490, 2507, 1192, 0]]","[[297, 325, 1, 172], [422, 1391, 1060, 21], [422, 2424, 1936, 0], [339, 3432, 2496, 2], [230, 2804, 1136, 0]]"
1765544875.4056242,"[[-297, 280, 0, 173], [-366, 1517, 953, 16], [-476, 2458, 1192, 0]]","[[297, 284, 1, 173], [422, 1350, 1060, 22], [417, 2393, 1936, 0], [339, 3391, 2496, 3], [266, 2992, 1136, 0], [684, 3184, 1723, 0]]"
1765544875.4735515,"[[-297, 239, 0, 174], [-366, 1476, 953, 17], [-474, 2431, 1192, 0], [-553, 3095, 1821, 0]]","[[297, 243, 1, 174], [422, 1309, 1060, 23], [416, 2343, 1936, 0], [346, 3354, 2496, 0], [266, 2951, 1136, 1], [651, 3009, 1723, 0]]"
1765544875.53731,"[[-297, 204, 0, 175], [-366, 1441, 953, 18], [-474, 2396, 1192, 1], [-552, 2998, 1821, 0]]","[[297, 208, 1, 175], [422, 1274, 1060, 24], [424, 2284, 1936, 0], [360, 3297, 2496, 0], [266, 2916, 1136, 2], [651, 2974, 1723, 1]]"
1765544875.6050048,"[[-297, 163, 0, 176], [-366, 1400, 953, 19], [-474, 2355, 1192, 2], [-554, 2981, 1821, 0]]","[[297, 167, 1, 176], [422, 1233, 1060, 25], [413, 2261, 1936, 0], [356, 3262, 2496, 0], [266, 2875, 1136, 3], [651, 2933, 1723, 2]]"
1765544875.6691883,"[[-297, 128, 0, 177], [-366, 1365, 953, 20], [-474, 2320, 1192, 3], [-554, 2946, 1821, 1], [-252, 2158, 580, 0]]","[[297, 132, 1, 177], [422, 1198, 1060, 26], [400, 2238, 1936, 0], [178, 3222, 2496, 0], [266, 2840, 1136, 4], [651, 2898, 1723, 3]]"
1765544875.739876,"[[-297, 87, 0, 178], [-366, 1324, 953, 21], [-474, 2279, 1192, 4], [-578, 3061, 1821, 0], [-252, 2117, 580, 1]]","[[297, 91, 1, 178], [422, 1157, 1060, 27], [400, 2197, 1936, 1], [358, 3226, 2496, 0], [651, 2857, 1723, 4]]"
1765544875.8096,"[[-297, 52, 0, 179], [-366, 1289, 953, 22], [-474, 2244, 1192, 5], [-578, 3026, 1821, 1], [-252, 2082, 580, 2]]","[[297, 56, 1, 179], [422, 1122, 1060, 28], [391, 2218, 1936, 0], [358, 3191, 2496, 1], [651, 2822, 1723, 5]]"
1765544875.8738065,"[[-297, 17, 0, 180], [-366, 1254, 953, 23], [-474, 2209, 1192, 6], [-578, 2991, 1821, 2], [-265, 2143, 580, 0], [-755, 3920, 2441, 0]]","[[297, 21, 1, 180], [422, 1087, 1060, 29], [395, 2226, 1936, 0], [358, 3156, 2496, 2], [651, 2787, 1723, 6]]"
1765544875.9465816,"[[-366, 1219, 953, 24], [-474, 2174, 1192, 7], [-578, 2956, 1821, 3], [-241, 2080, 580, 0], [-709, 3770, 2441, 0]]","[[422, 1052, 1060, 30], [387, 2210, 1936, 0], [358, 3121, 2496, 3], [651, 2752, 1723, 7], [243, 2568, 1125, 0]]"
1765544876.0161693,"[[-366, 1190, 953, 25], [-474, 2145, 1192, 8], [-552, 2891, 1821, 0], [-241, 2051, 580, 1], [-707, 3751, 2441, 0]]","[[422, 1023, 1060, 31], [381, 2200, 1936, 0], [372, 3061, 2496, 0], [651, 2723, 1723, 8], [243, 2539, 1125, 1]]"
1765544876.0801764,"[[-366, 1161, 953, 26], [-474, 2116, 1192, 9], [-552, 2862, 1821, 1], [-241, 2022, 580, 2], [-707, 3722, 2441, 1]]","[[422, 994, 1060, 32], [369, 2177, 1936, 0], [374, 3005, 2496, 0], [651, 2694, 1723, 9], [243, 2510, 1125, 2]]"
1765544876.1420755,"[[-366, 1126, 953, 27], [-474, 2081, 1192, 10], [-552, 2827, 1821, 2], [-241, 1987, 580, 3], [-707, 3687, 2441, 2]]","[[422, 959, 1060, 33], [369, 2142, 1936, 1], [375, 2958, 2496, 0], [651, 2659, 1723, 10], [243, 2475, 1125, 3]]"
1765544876.2110853,"[[-366, 1091, 953, 28], [-291, 2170, 1192, 0], [-552, 2792, 1821, 3], [-241, 1952, 580, 4], [-707, 3652, 2441, 3]]","[[422, 924, 1060, 34], [369, 2107, 1936, 2], [391, 2953, 2496, 0], [651, 2624, 1723, 11], [243, 2440, 1125, 4], [318, 3829, 2377, 0]]"
1765544876.2816606,"[[-366, 1062, 953, 29], [-291, 2141, 1192, 1], [-552, 2763, 1821, 4], [-241, 1923, 580, 5], [-958, 3588, 2441, 0], [-884, 4220, 2738, 0]]","[[422, 895, 1060, 35], [369, 2078, 1936, 3], [163, 2840, 2496, 0], [651, 2595, 1723, 12], [215, 4078, 2377, 0]]"
1765544876.3481686,"[[-366, 1027, 953, 30], [-291, 2106, 1192, 2], [-241, 1888, 580, 6], [-958, 3553, 2441, 1], [-884, 4185, 2738, 1], [-524, 3044, 1771, 0]]","[[422, 860, 1060, 36], [369, 2043, 1936, 4], [158, 2751, 2496, 0], [651, 2560, 1723, 13], [215, 4043, 2377, 1]]"
1765544876.4127984,"[[-366, 998, 953, 31], [-291, 2077, 1192, 3], [-241, 1859, 580, 7], [-958, 3524, 2441, 2], [-884, 4156, 2738, 2], [-524, 3015, 1771, 1]]","[[422, 831, 1060, 37], [369, 2014, 1936, 5], [378, 2875, 2496, 0], [651, 2531, 1723, 14], [215, 4014, 2377, 2]]"
1765544876.4860682,"[[-366, 969, 953, 32], [-291, 2048, 1192, 4], [-241, 1830, 580, 8], [-958, 3495, 2441, 3], [-884, 4127, 2738, 3], [-521, 2988, 1771, 0], [-542, 2687, 1307, 0]]","[[422, 802, 1060, 38], [369, 1985, 1936, 6], [378, 2846, 2496, 1], [651, 2502, 1723, 15], [215, 3985, 2377, 3]]"
1765544876.5577188,"[[-366, 928, 953, 33], [-291, 2007, 1192, 5], [-241, 1789, 580, 9], [-688, 3485, 2441, 0], [-884, 4086, 2738, 4], [-521, 2947, 1771, 1], [-531, 2653, 1307, 0]]","[[422, 761, 1060, 39], [369, 1944, 1936, 7], [384, 2782, 2496, 0], [651, 2461, 1723, 16], [215, 3944, 2377, 4]]"
1765544876.6324706,"[[-366, 899, 953, 34], [-291, 1978, 1192, 6], [-241, 1760, 580, 10], [-636, 3469, 2441, 0], [-656, 2798, 1771, 0], [-531, 2624, 1307, 1]]","[[422, 732, 1060, 40], [369, 1915, 1936, 8], [298, 2539, 2496, 0], [651, 2432, 1723, 17], [316, 3610, 2377, 0]]"
1765544876.6937091,"[[-366, 870, 953, 35], [-291, 1949, 1192, 7], [-241, 1731, 580, 11], [-636, 3440, 2441, 1], [-656, 2769, 1771, 1], [-531, 2595, 1307, 2]]","[[422, 703, 1060, 41], [369, 1886, 1936, 9], [407, 2694, 2496, 0], [651, 2403, 1723, 18], [316, 3581, 2377, 1]]"
1765544876.757871,"[[-366, 841, 953, 36], [-291, 1920, 1192, 8], [-241, 1702, 580, 12], [-636, 3411, 2441, 2], [-656, 2740, 1771, 2], [-531, 2566, 1307, 3]]","[[422, 674, 1060, 42], [369, 1857, 1936, 10], [167, 2601, 2496, 0], [651, 2374, 1723, 19], [337, 3564, 2377, 0]]"
1765544876.8283594,"[[-366, 812, 953, 37], [-291, 1891, 1192, 9], [-241, 1673, 580, 13], [-636, 3382, 2441, 3], [-656, 2711, 1771, 3], [-531, 2537, 1307, 4]]","[[422, 645, 1060, 43], [369, 1828, 1936, 11], [398, 2638, 2496, 0], [651, 2345, 1723, 20], [324, 3530, 2377, 0]]"
1765544876.8986325,"[[-366, 788, 953, 38], [-89, 1885, 1192, 0], [-67, 1684, 580, 0], [-636, 3358, 2441, 4], [-656, 2687, 1771, 4], [-531, 2513, 1307, 5]]","[[422, 621, 1060, 44], [369, 1804, 1936, 12], [385, 2612, 2496, 0], [651, 2321, 1723, 21], [169, 3284, 2377, 0]]"
1765544876.9639943,"[[-366, 753, 953, 39], [-89, 1850, 1192, 1], [-67, 1649, 580, 1], [-656, 2652, 1771, 5], [-531, 2478, 1307, 6]]","[[422, 586, 1060, 45], [369, 1769, 1936, 13], [382, 2584, 2496, 0], [651, 2286, 1723, 22], [163, 3281, 2377, 0]]"
1765544877.035486,"[[-366, 724, 953, 40], [-89, 1821, 1192, 2], [-67, 1620, 580, 2], [-656, 2623, 1771, 6], [-399, 2598, 1307, 0]]","[[422, 557, 1060, 46], [369, 1740, 1936, 14], [376, 2557, 2496, 0], [651, 2257, 1723, 23], [141, 3095, 2377, 0]]"
1765544877.105749,"[[-366, 695, 953, 41], [-89, 1792, 1192, 3], [-67, 1591, 580, 3], [-656, 2594, 1771, 7], [-399, 2569, 1307, 1], [-1086, 4276, 2809, 0]]","[[422, 528, 1060, 47], [369, 1711, 1936, 15], [376, 2528, 2496, 1], [651, 2228, 1723, 24], [203, 2972, 2377, 0]]"
1765544877.1699653,"[[-366, 666, 953, 42], [-89, 1763, 1192, 4], [-67, 1562, 580, 4], [-656, 2565, 1771, 8], [-399, 2540, 1307, 2], [-1086, 4247, 2809, 1]]","[[422, 499, 1060, 48], [369, 1682, 1936, 16], [330, 2507, 2496, 0], [651, 2199, 1723, 25], [200, 2949, 2377, 0]]"
1765544877.2416563,"[[-366, 637, 953, 43], [-66, 1533, 580, 5], [-655, 2536, 1771, 9], [-398, 2511, 1307, 3], [-1028, 4018, 2809, 0]]","[[421, 470, 1060, 49], [369, 1653, 1936, 17], [330, 2478, 2496, 1], [651, 2170, 1723, 26], [216, 3085, 2377, 0], [75, 2362, 956, 0]]"
1765544877.3108604,"[[-366, 608, 953, 44], [-66, 1504, 580, 6], [-655, 2507, 1771, 10], [-398, 2482, 1307, 4], [-1140, 4267, 2809, 0]]","[[421, 441, 1060, 50], [369, 1624, 1936, 18], [372, 2437, 2496, 0], [651, 2141, 1723, 27], [216, 3056, 2377, 1], [75, 2333, 956, 1]]"
1765544877.3773623,"[[-366, 579, 953, 45], [-66, 1475, 580, 7], [-655, 2478, 1771, 11], [-1140, 4238, 2809, 1]]","[[421, 412, 1060, 51], [369, 1595, 1936, 19], [385, 2435, 2496, 0], [651, 2112, 1723, 28], [216, 3027, 2377, 2], [75, 2304, 956, 2]]"
1765544877.446452,"[[-366, 550, 953, 46], [-66, 1446, 580, 8], [-655, 2449, 1771, 12], [-1140, 4209, 2809, 2]]","[[421, 383, 1060, 52], [369, 1566, 1936, 20], [389, 2426, 2496, 0], [651, 2083, 1723, 29], [216, 2998, 2377, 3], [75, 2275, 956, 3]]"
1765544877.5151746,"[[-366, 521, 953, 47], [-66, 1417, 580, 9], [-655, 2420, 1771, 13], [-1140, 4180, 2809, 3]]","[[421, 354, 1060, 53], [369, 1537, 1936, 21], [389, 2397, 2496, 1], [651, 2054, 1723, 30], [216, 2969, 2377, 4], [75, 2246, 956, 4]]"
1765544877.5790672,"[[-366, 486, 953, 48], [-66, 1382, 580, 10], [-655, 2385, 1771, 14], [-1140, 4145, 2809, 4]]","[[421, 319, 1060, 54], [369, 1502, 1936, 22], [332, 2340, 2496, 0], [651, 2019, 1723, 31]]"
1765544877.6528323,"[[-366, 439, 953, 49], [-66, 1335, 580, 11], [-655, 2338, 1771, 15]]","[[421, 272, 1060, 55], [369, 1455, 1936, 23], [332, 2293, 2496, 1], [651, 1972, 1723, 32], [202, 3213, 1787, 0]]"
1765544877.7214181,"[[-366, 404, 953, 50], [-66, 1300, 580, 12], [-655, 2303, 1771, 16]]","[[421, 237, 1060, 56], [369, 1420, 1936, 24], [312, 2288, 2496, 0], [651, 1937, 1723, 33], [197, 3165, 1787, 0]]"
1765544877.7840416,"[[-366, 375, 953, 51], [-66, 1271, 580, 13], [-655, 2274, 1771, 17]]","[[421, 208, 1060, 57], [369, 1391, 1936, 25], [312, 2259, 2496, 1], [651, 1908, 1723, 34], [188, 3136, 1787, 0]]"
1765544877.8485858,"[[-366, 340, 953, 52], [-66, 1236, 580, 14], [-655, 2239, 1771, 18]]","[[421, 173, 1060, 58], [369, 1356, 1936, 26], [312, 2224, 2496, 2], [651, 1873, 1723, 35], [188, 3101, 1787, 1], [490, 2913, 1411, 0]]"
1765544877.919887,"[[-365, 311, 953, 53], [-65, 1207, 580, 15], [-655, 2210, 1771, 19]]","[[421, 144, 1060, 59], [369, 1327, 1936, 27], [313, 2217, 2496, 0], [650, 1844, 1723, 36], [187, 3072, 1787, 2], [489, 2884, 1411, 1]]"
1765544877.9873335,"[[-365, 276, 953, 54], [-65, 1172, 580, 16], [-655, 2175, 1771, 20]]","[[421, 109, 1060, 60], [369, 1292, 1936, 28], [318, 2212, 2496, 0], [650, 1809, 1723, 37], [187, 3037, 1787, 3], [489, 2849, 1411, 2]]"
1765544878.049285,"[[-365, 241, 953, 55], [-65, 1137, 580, 17], [-655, 2140, 1771, 21], [-1348, 5269, 4065, 0]]","[[421, 74, 1060, 61], [369, 1257, 1936, 29], [327, 2213, 2496, 0], [650, 1774, 1723, 38], [187, 3002, 1787, 4], [489, 2814, 1411, 3]]"
1765544878.121342,"[[-365, 212, 953, 56], [-65, 1108, 580, 18], [-655, 2111, 1771, 22], [-1330, 5256, 4065, 0]]","[[421, 45, 1060, 62], [369, 1228, 1936, 30], [343, 2207, 2496, 0], [650, 1745, 1723, 39], [489, 2785, 1411, 4]]"
1765544878.1909761,"[[-365, 177, 953, 57], [-65, 1073, 580, 19], [-655, 2076, 1771, 23], [-1299, 5248, 4065, 0]]","[[421, 10, 1060, 63], [369, 1193, 1936, 31], [343, 2172, 2496, 1], [650, 1710, 1723, 40], [521, 2532, 1411, 0]]"
1765544878.255226,"[[-365, 148, 953, 58], [-65, 1044, 580, 20], [-655, 2047, 1771, 24], [-1257, 5243, 4065, 0]]","[[421, -18, 1060, 64], [369, 1164, 1936, 32], [314, 2203, 2496, 0], [650, 1681, 1723, 41], [521, 2503, 1411, 1]]"
1765544878.3267157,"[[-365, 113, 953, 59], [-65, 1009, 580, 21], [-655, 2012, 1771, 25], [-1208, 5239, 4065, 0]]","[[421, -52, 1060, 65], [369, 1129, 1936, 33], [314, 2168, 2496, 1], [650, 1646, 1723, 42], [490, 2404, 1411, 0]]"
1765544878.3941677,"[[-364, 84, 953, 60], [-64, 980, 580, 22], [-655, 1983, 1771, 26], [-1208, 5209, 4065, 1]]","[[421, -80, 1060, 66], [369, 1100, 1936, 34], [313, 2139, 2496, 2], [649, 1617, 1723, 43], [427, 2287, 1411, 0], [299, 2834, 1295, 0]]"
1765544878.4590797,"[[-364, 49, 953, 61], [-64, 945, 580, 23], [-655, 1948, 1771, 27], [-1208, 5174, 4065, 2], [-642, 3644, 2267, 0]]","[[421, -114, 1060, 67], [369, 1065, 1936, 35], [313, 2104, 2496, 3], [649, 1582, 1723, 44], [427, 2252, 1411, 1], [306, 2793, 1295, 0]]"
1765544878.5295286,"[[-364, 20, 953, 62], [-64, 916, 580, 24], [-655, 1919, 1771, 28], [-1208, 5145, 4065, 3], [-626, 3615, 2267, 0]]","[[421, -142, 1060, 68], [369, 1036, 1936, 36], [313, 2075, 2496, 4], [649, 1553, 1723, 45], [427, 2223, 1411, 2], [311, 2753, 1295, 0]]"
1765544878.594953,"[[-64, 881, 580, 25], [-655, 1884, 1771, 29], [-1208, 5110, 4065, 4], [-619, 3591, 2267, 0]]","[[369, 1001, 1936, 37], [313, 2040, 2496, 5], [649, 1518, 1723, 46], [427, 2188, 1411, 3], [316, 2713, 1295, 0]]"
1765544878.659413,"[[-64, 852, 580, 26], [-655, 1855, 1771, 30], [-612, 3567, 2267, 0]]","[[369, 972, 1936, 38], [313, 2011, 2496, 6], [649, 1489, 1723, 47], [427, 2159, 1411, 4], [322, 2679, 1295, 0], [291, 3487, 1979, 0]]"
1765544878.7301545,"[[-64, 817, 580, 27], [-655, 1820, 1771, 31], [-604, 3541, 2267, 0]]","[[369, 937, 1936, 39], [313, 1976, 2496, 7], [649, 1454, 1723, 48], [427, 2124, 1411, 5], [325, 2646, 1295, 0], [291, 3452, 1979, 1]]"
1765544878.7975028,"[[-64, 788, 580, 28], [-655, 1791, 1771, 32], [-639, 3536, 2267, 0]]","[[369, 908, 1936, 40], [313, 1947, 2496, 8], [649, 1425, 1723, 49], [427, 2095, 1411, 6], [329, 2613, 1295, 0], [291, 3423, 1979, 2]]"
1765544878.8597496,"[[-64, 759, 580, 29], [-655, 1762, 1771, 33], [-599, 3489, 2267, 0]]","[[369, 879, 1936, 41], [313, 1918, 2496, 9], [649, 1396, 1723, 50], [427, 2066, 1411, 7], [328, 2575, 1295, 0], [328, 3552, 1979, 0]]"
1765544878.931401,"[[-64, 724, 580, 30], [-654, 1727, 1771, 34], [-598, 3454, 2267, 1]]","[[368, 844, 1936, 42], [313, 1883, 2496, 10], [648, 1361, 1723, 51], [427, 2031, 1411, 8], [328, 2535, 1295, 0], [332, 3513, 1979, 0]]"
1765544878.9950073,"[[-64, 695, 580, 31], [-654, 1698, 1771, 35], [-598, 3425, 2267, 2]]","[[368, 815, 1936, 43], [313, 1854, 2496, 11], [648, 1332, 1723, 52], [427, 2002, 1411, 9], [331, 2499, 1295, 0], [341, 3486, 1979, 0]]"
1765544879.0587828,"[[-64, 666, 580, 32], [-654, 1669, 1771, 36], [-598, 3396, 2267, 3]]","[[368, 786, 1936, 44], [313, 1825, 2496, 12], [648, 1303, 1723, 53], [427, 1973, 1411, 10], [327, 2471, 1295, 0], [337, 3466, 1979, 0]]"
1765544879.129521,"[[-64, 637, 580, 33], [-654, 1640, 1771, 37], [-598, 3367, 2267, 4]]","[[368, 757, 1936, 45], [313, 1796, 2496, 13], [648, 1274, 1723, 54], [427, 1944, 1411, 11], [318, 2444, 1295, 0], [322, 3433, 1979, 0]]"
1765544879.1981535,"[[-64, 608, 580, 34], [-654, 1611, 1771, 38]]","[[368, 728, 1936, 46], [313, 1767, 2496, 14], [648, 1245, 1723, 55], [427, 1915, 1411, 12], [314, 2416, 1295, 0], [317, 3404, 1979, 0]]"
1765544879.2612875,"[[-64, 573, 580, 35], [-654, 1576, 1771, 39]]","[[368, 693, 1936, 47], [313, 1732, 2496, 15], [648, 1210, 1723, 56], [427, 1880, 1411, 13], [309, 2386, 1295, 0], [305, 3369, 1979, 0]]"
1765544879.3319473,"[[-64, 544, 580, 36], [-654, 1547, 1771, 40]]","[[368, 664, 1936, 48], [313, 1703, 2496, 16], [648, 1181, 1723, 57], [427, 1851, 1411, 14], [302, 2359, 1295, 0], [297, 3340, 1979, 0]]"
1765544879.3996098,"[[-64, 515, 580, 37], [-654, 1518, 1771, 41]]","[[368, 635, 1936, 49], [313, 1674, 2496, 17], [648, 1152, 1723, 58], [427, 1822, 1411, 15], [299, 2329, 1295, 0], [289, 3309, 1979, 0]]"
1765544879.4626787,"[[-64, 480, 580, 38], [-654, 1483, 1771, 42], [-1230, 4658, 3428, 0]]","[[368, 600, 1936, 50], [313, 1639, 2496, 18], [648, 1117, 1723, 59], [427, 1787, 1411, 16], [294, 2299, 1295, 0], [285, 3283, 1979, 0]]"
1765544879.5352604,"[[-64, 433, 580, 39], [-654, 1436, 1771, 43], [-1244, 4619, 3428, 0], [-806, 3631, 2261, 0]]","[[368, 553, 1936, 51], [313, 1592, 2496, 19], [648, 1070, 1723, 60], [427, 1740, 1411, 17], [291, 2270, 1295, 0], [280, 3249, 1979, 0]]"
1765544879.5993621,"[[-64, 404, 580, 40], [-654, 1407, 1771, 44], [-1244, 4590, 3428, 1], [-806, 3602, 2261, 1]]","[[368, 524, 1936, 52], [313, 1563, 2496, 20], [648, 1041, 1723, 61], [427, 1711, 1411, 18], [240, 2218, 1295, 0], [250, 3251, 1979, 0]]"
1765544879.663384,"[[-64, 386, 580, 41], [-654, 1389, 1771, 45], [-1244, 4572, 3428, 2], [-806, 3584, 2261, 2]]","[[368, 506, 1936, 53], [313, 1545, 2496, 21], [648, 1023, 1723, 62], [427, 1693, 1411, 19], [240, 2200, 1295, 1], [266, 3201, 1979, 0]]"
1765544879.7345216,"[[-64, 339, 580, 42], [-654, 1342, 1771, 46], [-1244, 4525, 3428, 3], [-806, 3537, 2261, 3]]","[[368, 459, 1936, 54], [313, 1498, 2496, 22], [648, 976, 1723, 63], [427, 1646, 1411, 20], [240, 2153, 1295, 2], [271, 3196, 1979, 0]]"
1765544879.8041248,"[[-64, 310, 580, 43], [-654, 1313, 1771, 47], [-1244, 4496, 3428, 4], [-806, 3508, 2261, 4], [-230, 2025, 654, 0]]","[[368, 430, 1936, 55], [313, 1469, 2496, 23], [648, 947, 1723, 64], [427, 1617, 1411, 21], [240, 2124, 1295, 3], [267, 3134, 1979, 0]]"
1765544879.8685257,"[[-64, 275, 580, 44], [-654, 1278, 1771, 48], [-1285, 4413, 3428, 0], [-230, 1990, 654, 1]]","[[368, 395, 1936, 56], [313, 1434, 2496, 24], [648, 912, 1723, 65], [427, 1582, 1411, 22], [214, 2048, 1295, 0], [126, 3072, 1979, 0]]"
1765544879.9398794,"[[-64, 240, 580, 45], [-654, 1243, 1771, 49], [-1285, 4378, 3428, 1], [-230, 1955, 654, 2], [-490, 2658, 1270, 0]]","[[368, 360, 1936, 57], [313, 1399, 2496, 25], [648, 877, 1723, 66], [427, 1547, 1411, 23], [214, 2022, 1295, 0], [240, 3048, 1979, 0], [178, 4029, 2492, 0]]"
1765544880.0113404,"[[-64, 211, 580, 46], [-654, 1214, 1771, 50], [-1294, 4319, 3428, 0], [-230, 1926, 654, 3], [-490, 2629, 1270, 1], [-626, 2951, 1628, 0]]","[[368, 331, 1936, 58], [313, 1370, 2496, 26], [648, 848, 1723, 67], [427, 1518, 1411, 24], [242, 2062, 1295, 0], [240, 3019, 1979, 1], [178, 4000, 2492, 1]]"
1765544880.0738704,"[[-64, 176, 580, 47], [-654, 1179, 1771, 51], [-1294, 4284, 3428, 1], [-230, 1891, 654, 4], [-490, 2594, 1270, 2], [-691, 3067, 1628, 0]]","[[368, 296, 1936, 59], [313, 1335, 2496, 27], [648, 813, 1723, 68], [427, 1483, 1411, 25], [218, 1986, 1295, 0], [260, 2933, 1979, 0], [178, 3965, 2492, 2]]"
1765544880.1432815,"[[-64, 141, 580, 48], [-654, 1144, 1771, 52], [-1307, 4207, 3428, 0], [-230, 1856, 654, 5], [-490, 2559, 1270, 3], [-671, 2981, 1628, 0]]","[[368, 261, 1936, 60], [313, 1300, 2496, 28], [648, 778, 1723, 69], [427, 1448, 1411, 26], [218, 1951, 1295, 1], [267, 2968, 1979, 0], [178, 3930, 2492, 3]]"
1765544880.2111132,"[[-64, 112, 580, 49], [-654, 1115, 1771, 53], [-1319, 4164, 3428, 0], [-230, 1827, 654, 6], [-490, 2530, 1270, 4], [-671, 2952, 1628, 1]]","[[368, 232, 1936, 61], [313, 1271, 2496, 29], [648, 749, 1723, 70], [427, 1419, 1411, 27], [218, 1922, 1295, 2], [267, 2945, 1979, 0], [178, 3901, 2492, 4]]"
1765544880.2745583,"[[-63, 83, 580, 50], [-653, 1086, 1771, 54], [-1319, 4134, 3428, 1], [-230, 1798, 654, 7], [-490, 2501, 1270, 5], [-614, 2788, 1628, 0], [-757, 3720, 2390, 0]]","[[368, 203, 1936, 62], [313, 1242, 2496, 30], [648, 720, 1723, 71], [427, 1390, 1411, 28], [217, 1893, 1295, 3], [221, 2694, 1979, 0]]"
1765544880.3382947,"[[-63, 48, 580, 51], [-653, 1051, 1771, 55], [-1319, 4099, 3428, 2], [-230, 1763, 654, 8], [-301, 2373, 1270, 0], [-611, 2761, 1628, 0], [-757, 3685, 2390, 1]]","[[368, 168, 1936, 63], [313, 1207, 2496, 31], [648, 685, 1723, 72], [427, 1355, 1411, 29], [217, 1858, 1295, 4], [275, 2899, 1979, 0], [445, 2317, 1011, 0]]"
1765544880.410927,"[[-63, 19, 580, 52], [-653, 1022, 1771, 56], [-1319, 4070, 3428, 3], [-230, 1734, 654, 9], [-301, 2344, 1270, 1], [-609, 2762, 1628, 0], [-757, 3656, 2390, 2]]","[[368, 139, 1936, 64], [313, 1178, 2496, 32], [648, 656, 1723, 73], [427, 1326, 1411, 30], [217, 1829, 1295, 5], [281, 2879, 1979, 0], [445, 2288, 1011, 1]]"
1765544880.476552,"[[-63, -15, 580, 53], [-653, 987, 1771, 57], [-1319, 4035, 3428, 4], [-230, 1699, 654, 10], [-301, 2309, 1270, 2], [-589, 2720, 1628, 0], [-674, 3486, 2390, 0]]","[[368, 104, 1936, 65], [313, 1143, 2496, 33], [648, 621, 1723, 74], [427, 1291, 1411, 31], [217, 1794, 1295, 6], [294, 2853, 1979, 0], [404, 2241, 1011, 0]]"
1765544880.549257,"[[-63, -49, 580, 54], [-653, 952, 1771, 58], [-1319, 4000, 3428, 5], [-230, 1664, 654, 11], [-301, 2274, 1270, 3], [-590, 2702, 1628, 0], [-724, 3645, 2390, 0]]","[[368, 69, 1936, 66], [313, 1108, 2496, 34], [648, 586, 1723, 75], [427, 1256, 1411, 32], [217, 1759, 1295, 7], [302, 2797, 1979, 0], [404, 2206, 1011, 1]]"
1765544880.6122925,"[[-63, -77, 580, 55], [-653, 923, 1771, 59], [-1319, 3971, 3428, 6], [-230, 1635, 654, 12], [-326, 2471, 1270, 0], [-587, 2695, 1628, 0], [-724, 3616, 2390, 1]]","[[368, 40, 1936, 67], [313, 1079, 2496, 35], [648, 557, 1723, 76], [427, 1227, 1411, 33], [217, 1730, 1295, 8], [317, 2830, 1979, 0], [404, 2177, 1011, 2]]"
1765544880.6832066,"[[-63, -111, 580, 56], [-653, 888, 1771, 60], [-1319, 3936, 3428, 7], [-230, 1600, 654, 13], [-326, 2436, 1270, 1], [-585, 2686, 1628, 0], [-697, 3588, 2390, 0]]","[[368, 5, 1936, 68], [313, 1044, 2496, 36], [648, 522, 1723, 77], [427, 1192, 1411, 34], [217, 1695, 1295, 9], [312, 2739, 1979, 0], [404, 2142, 1011, 3]]"
1765544880.7496028,"[[-653, 859, 1771, 61], [-1319, 3907, 3428, 8], [-230, 1571, 654, 14], [-481, 2467, 1270, 0], [-585, 2657, 1628, 1], [-672, 3545, 2390, 0]]","[[313, 1015, 2496, 37], [648, 493, 1723, 78], [427, 1163, 1411, 35], [217, 1666, 1295, 10], [312, 2710, 1979, 1], [404, 2113, 1011, 4]]"
1765544880.8123548,"[[-653, 824, 1771, 62], [-1319, 3872, 3428, 9], [-230, 1536, 654, 15], [-481, 2432, 1270, 1], [-592, 2686, 1628, 0], [-662, 3515, 2390, 0]]","[[313, 980, 2496, 38], [648, 458, 1723, 79], [427, 1128, 1411, 36], [217, 1631, 1295, 11], [323, 2647, 1979, 0], [404, 2078, 1011, 5]]"
1765544880.8821368,"[[-653, 795, 1771, 63], [-1319, 3843, 3428, 10], [-230, 1507, 654, 16], [-481, 2403, 1270, 2], [-575, 2633, 1628, 0], [-663, 3518, 2390, 0]]","[[313, 951, 2496, 39], [648, 429, 1723, 80], [427, 1099, 1411, 37], [217, 1602, 1295, 12], [323, 2618, 1979, 1], [404, 2049, 1011, 6]]"
1765544880.9498441,"[[-653, 760, 1771, 64], [-1319, 3808, 3428, 11], [-230, 1472, 654, 17], [-481, 2368, 1270, 3], [-565, 2605, 1628, 0], [-652, 3487, 2390, 0]]","[[313, 916, 2496, 40], [648, 394, 1723, 81], [427, 1064, 1411, 38], [217, 1567, 1295, 13], [323, 2583, 1979, 2], [404, 2014, 1011, 7], [203, 2217, 856, 0]]"
1765544881.0121655,"[[-653, 731, 1771, 65], [-1319, 3779, 3428, 12], [-230, 1443, 654, 18], [-481, 2339, 1270, 4], [-558, 2573, 1628, 0], [-645, 3464, 2390, 0]]","[[313, 887, 2496, 41], [648, 365, 1723, 82], [427, 1035, 1411, 39], [217, 1538, 1295, 14], [306, 2534, 1979, 0], [404, 1985, 1011, 8], [203, 2188, 856, 1]]"
1765544881.0840023,"[[-652, 696, 1771, 66], [-1319, 3744, 3428, 13], [-229, 1408, 654, 19], [-481, 2304, 1270, 5], [-558, 2538, 1628, 1], [-637, 3439, 2390, 0]]","[[313, 852, 2496, 42], [648, 330, 1723, 83], [427, 1000, 1411, 40], [216, 1503, 1295, 15], [345, 2497, 1979, 0], [403, 1950, 1011, 9], [202, 2153, 856, 2]]"
1765544881.1509912,"[[-652, 661, 1771, 67], [-1319, 3709, 3428, 14], [-229, 1373, 654, 20], [-481, 2269, 1270, 6], [-558, 2503, 1628, 2], [-633, 3407, 2390, 0]]","[[313, 817, 2496, 43], [648, 295, 1723, 84], [427, 965, 1411, 41], [216, 1468, 1295, 16], [345, 2462, 1979, 1], [403, 1915, 1011, 10], [220, 2182, 856, 0]]"
1765544881.212231,"[[-652, 632, 1771, 68], [-1319, 3680, 3428, 15], [-229, 1344, 654, 21], [-481, 2240, 1270, 7], [-558, 2474, 1628, 3], [-626, 3376, 2390, 0]]","[[313, 788, 2496, 44], [648, 266, 1723, 85], [427, 936, 1411, 42], [216, 1439, 1295, 17], [353, 2434, 1979, 0], [403, 1886, 1011, 11], [220, 2153, 856, 1]]"
1765544881.2847316,"[[-652, 603, 1771, 69], [-1319, 3651, 3428, 16], [-229, 1315, 654, 22], [-481, 2211, 1270, 8], [-558, 2445, 1628, 4], [-617, 3348, 2390, 0]]","[[313, 759, 2496, 45], [648, 237, 1723, 86], [427, 907, 1411, 43], [216, 1410, 1295, 18], [353, 2405, 1979, 1], [403, 1857, 1011, 12], [141, 1900, 856, 0]]"
1765544881.3503883,"[[-652, 574, 1771, 70], [-1318, 3622, 3428, 17], [-229, 1286, 654, 23], [-480, 2182, 1270, 9], [-557, 2416, 1628, 5], [-606, 3326, 2390, 0]]","[[312, 730, 2496, 46], [647, 208, 1723, 87], [426, 878, 1411, 44], [215, 1381, 1295, 19], [358, 2354, 1979, 0], [403, 1828, 1011, 13], [141, 1871, 856, 1]]"
1765544881.411894,"[[-652, 545, 1771, 71], [-1318, 3593, 3428, 18], [-229, 1257, 654, 24], [-480, 2153, 1270, 10], [-301, 2416, 1628, 0], [-606, 3297, 2390, 1]]","[[312, 701, 2496, 47], [647, 179, 1723, 88], [426, 849, 1411, 45], [215, 1352, 1295, 20], [363, 2315, 1979, 0], [403, 1799, 1011, 14], [141, 1842, 856, 2], [373, 3298, 1881, 0]]"
1765544881.4749591,"[[-652, 510, 1771, 72], [-1318, 3558, 3428, 19], [-229, 1222, 654, 25], [-480, 2118, 1270, 11], [-301, 2381, 1628, 1], [-606, 3262, 2390, 2]]","[[312, 666, 2496, 48], [647, 144, 1723, 89], [426, 814, 1411, 46], [215, 1317, 1295, 21], [360, 2288, 1979, 0], [403, 1764, 1011, 15], [141, 1807, 856, 3], [370, 3270, 1881, 0]]"
1765544881.5465708,"[[-652, 486, 1771, 73], [-1318, 3534, 3428, 20], [-229, 1198, 654, 26], [-480, 2094, 1270, 12], [-301, 2357, 1628, 2], [-606, 3238, 2390, 3], [-1021, 4461, 3060, 0]]","[[312, 642, 2496, 49], [647, 120, 1723, 90], [426, 790, 1411, 47], [215, 1293, 1295, 22], [357, 2261, 1979, 0], [403, 1740, 1011, 16], [141, 1783, 856, 4], [341, 3278, 1881, 0]]"
1765544881.61367,"[[-652, 451, 1771, 74], [-1318, 3499, 3428, 21], [-229, 1163, 654, 27], [-480, 2059, 1270, 13], [-301, 2322, 1628, 3], [-606, 3203, 2390, 4], [-1029, 4421, 3060, 0]]","[[312, 607, 2496, 50], [647, 85, 1723, 91], [426, 755, 1411, 48], [215, 1258, 1295, 23], [354, 2231, 1979, 0], [403, 1705, 1011, 17], [141, 1748, 856, 5], [336, 3251, 1881, 0]]"
1765544881.677943,"[[-652, 422, 1771, 75], [-1318, 3470, 3428, 22], [-229, 1134, 654, 28], [-480, 2030, 1270, 14], [-301, 2293, 1628, 4], [-1048, 4369, 3060, 0]]","[[312, 578, 2496, 51], [647, 56, 1723, 92], [426, 726, 1411, 49], [215, 1229, 1295, 24], [318, 2225, 1979, 0], [403, 1676, 1011, 18], [141, 1719, 856, 6], [354, 3194, 1881, 0]]"
1765544881.7416224,"[[-652, 393, 1771, 76], [-1318, 3441, 3428, 23], [-229, 1105, 654, 29], [-480, 2001, 1270, 15], [-1048, 4340, 3060, 1]]","[[312, 549, 2496, 52], [647, 27, 1723, 93], [426, 697, 1411, 50], [215, 1200, 1295, 25], [314, 2194, 1979, 0], [403, 1647, 1011, 19], [141, 1690, 856, 7], [352, 3171, 1881, 0]]"
1765544881.8088212,"[[-652, 364, 1771, 77], [-1318, 3412, 3428, 24], [-229, 1076, 654, 30], [-480, 1972, 1270, 16], [-1048, 4311, 3060, 2]]","[[312, 520, 2496, 53], [647, -1, 1723, 94], [426, 668, 1411, 51], [215, 1171, 1295, 26], [304, 2168, 1979, 0], [403, 1618, 1011, 20], [141, 1661, 856, 8], [341, 3145, 1881, 0]]"
1765544881.8712547,"[[-652, 335, 1771, 78], [-1318, 3383, 3428, 25], [-229, 1047, 654, 31], [-480, 1943, 1270, 17], [-1080, 4208, 3060, 0]]","[[312, 491, 2496, 54], [647, -29, 1723, 95], [426, 639, 1411, 52], [215, 1142, 1295, 27], [294, 2140, 1979, 0], [403, 1589, 1011, 21], [141, 1632, 856, 9], [341, 3116, 1881, 1]]"
1765544881.932307,"[[-652, 300, 1771, 79], [-1318, 3348, 3428, 26], [-229, 1012, 654, 32], [-480, 1908, 1270, 18], [-1091, 4098, 3060, 0]]","[[312, 456, 2496, 55], [647, -63, 1723, 96], [426, 604, 1411, 53], [215, 1107, 1295, 28], [289, 2107, 1979, 0], [403, 1554, 1011, 22], [141, 1597, 856, 10], [270, 2857, 1881, 0]]"
1765544882.0023296,"[[-652, 265, 1771, 80], [-1318, 3313, 3428, 27], [-229, 977, 654, 33], [-480, 1873, 1270, 19], [-1099, 4070, 3060, 0]]","[[312, 421, 2496, 56], [647, -97, 1723, 97], [426, 569, 1411, 54], [215, 1072, 1295, 29], [281, 2082, 1979, 0], [403, 1519, 1011, 23], [141, 1562, 856, 11], [306, 3053, 1881, 0]]"
1765544882.0679808,"[[-652, 236, 1771, 81], [-1318, 3284, 3428, 28], [-229, 948, 654, 34], [-480, 1844, 1270, 20], [-1080, 3960, 3060, 0]]","[[312, 392, 2496, 57], [647, -125, 1723, 98], [426, 540, 1411, 55], [215, 1043, 1295, 30], [278, 2056, 1979, 0], [403, 1490, 1011, 24], [141, 1533, 856, 12], [276, 2901, 1881, 0]]"
1765544882.131953,"[[-652, 201, 1771, 82], [-1318, 3249, 3428, 29], [-229, 913, 654, 35], [-480, 1809, 1270, 21], [-1080, 3925, 3060, 1]]","[[312, 357, 2496, 58], [647, -159, 1723, 99], [426, 505, 1411, 56], [215, 1008, 1295, 31], [278, 2021, 1979, 1], [403, 1455, 1011, 25], [141, 1498, 856, 13], [290, 2987, 1881, 0]]"
1765544882.1958878,"[[-651, 172, 1771, 83], [-1318, 3219, 3428, 30], [-228, 884, 654, 36], [-480, 1780, 1270, 22], [-1080, 3895, 3060, 2]]","[[312, 328, 2496, 59], [647, -187, 1723, 100], [426, 476, 1411, 57], [215, 979, 1295, 32], [277, 1992, 1979, 2], [403, 1426, 1011, 26], [141, 1469, 856, 14], [289, 2958, 1881, 1]]"
1765544882.2673829,"[[-651, 137, 1771, 84], [-1318, 3184, 3428, 31], [-228, 849, 654, 37], [-480, 1745, 1270, 23], [-1080, 3860, 3060, 3]]","[[312, 293, 2496, 60], [647, -221, 1723, 101], [426, 441, 1411, 58], [215, 944, 1295, 33], [277, 1957, 1979, 3], [403, 1391, 1011, 27], [141, 1434, 856, 15], [289, 2923, 1881, 2]]"
1765544882.3348866,"[[-650, 108, 1771, 85], [-1318, 3154, 3428, 32], [-227, 820, 654, 38], [-480, 1716, 1270, 24], [-1080, 3830, 3060, 4], [-943, 3521, 2266, 0]]","[[312, 264, 2496, 61], [647, -249, 1723, 102], [426, 412, 1411, 59], [215, 915, 1295, 34], [276, 1928, 1979, 4], [403, 1362, 1011, 28], [141, 1405, 856, 16], [288, 2894, 1881, 3], [401, 2236, 904, 0]]"
1765544882.3967526,"[[-650, 79, 1771, 86], [-1318, 3125, 3428, 33], [-227, 791, 654, 39], [-480, 1687, 1270, 25], [-1080, 3801, 3060, 5], [-926, 3519, 2266, 0]]","[[312, 235, 2496, 62], [647, -277, 1723, 103], [426, 383, 1411, 60], [215, 886, 1295, 35], [276, 1899, 1979, 5], [403, 1333, 1011, 29], [141, 1376, 856, 17], [288, 2865, 1881, 4], [401, 2207, 904, 1]]"
1765544882.4672606,"[[-650, 50, 1771, 87], [-1318, 3096, 3428, 34], [-227, 762, 654, 40], [-480, 1658, 1270, 26], [-1080, 3772, 3060, 6], [-891, 3528, 2266, 0]]","[[312, 206, 2496, 63], [647, -305, 1723, 104], [426, 354, 1411, 61], [215, 857, 1295, 36], [276, 1870, 1979, 6], [403, 1304, 1011, 30], [141, 1347, 856, 18], [401, 2178, 904, 2]]"
1765544882.5321226,"[[-649, 21, 1771, 88], [-1318, 3066, 3428, 35], [-226, 733, 654, 41], [-480, 1629, 1270, 27], [-1080, 3742, 3060, 7], [-844, 3539, 2266, 0]]","[[312, 177, 2496, 64], [647, -333, 1723, 105], [426, 325, 1411, 62], [215, 828, 1295, 37], [275, 1841, 1979, 7], [403, 1275, 1011, 31], [141, 1318, 856, 19], [400, 2149, 904, 3]]"
1765544882.5918677,"[[-649, -2, 1771, 89], [-1318, 3042, 3428, 36], [-226, 709, 654, 42], [-480, 1605, 1270, 28], [-1080, 3718, 3060, 8], [-807, 3542, 2266, 0]]","[[312, 153, 2496, 65], [647, -356, 1723, 106], [426, 301, 1411, 63], [215, 804, 1295, 38], [275, 1817, 1979, 8], [403, 1251, 1011, 32], [141, 1294, 856, 20], [400, 2125, 904, 4]]"
1765544882.661408,"[[-649, -25, 1771, 90], [-1318, 3018, 3428, 37], [-226, 685, 654, 43], [-480, 1581, 1270, 29], [-1080, 3694, 3060, 9], [-759, 3549, 2266, 0]]","[[312, 129, 2496, 66], [647, -379, 1723, 107], [426, 277, 1411, 64], [215, 780, 1295, 39], [275, 1793, 1979, 9], [403, 1227, 1011, 33], [141, 1270, 856, 21], [400, 2101, 904, 5], [500, 2767, 1418, 0]]"
1765544882.728402,"[[-648, -53, 1771, 91], [-1318, 2988, 3428, 38], [-225, 656, 654, 44], [-480, 1552, 1270, 30], [-1080, 3664, 3060, 10], [-718, 3551, 2266, 0]]","[[312, 100, 2496, 67], [647, -407, 1723, 108], [426, 248, 1411, 65], [215, 751, 1295, 40], [274, 1764, 1979, 10], [403, 1198, 1011, 34], [141, 1241, 856, 22], [399, 2072, 904, 6], [527, 2705, 1418, 0]]"
1765544882.7913203,"[[-648, -76, 1771, 92], [-1318, 2964, 3428, 39], [-225, 632, 654, 45], [-480, 1528, 1270, 31], [-1080, 3640, 3060, 11], [-682, 3553, 2266, 0]]","[[312, 76, 2496, 68], [647, -430, 1723, 109], [426, 224, 1411, 66], [215, 727, 1295, 41], [274, 1740, 1979, 11], [403, 1174, 1011, 35], [141, 1217, 856, 23], [399, 2048, 904, 7], [548, 2634, 1418, 0]]"
1765544882.8600225,"[[-648, -99, 1771, 93], [-1318, 2940, 3428, 40], [-225, 608, 654, 46], [-480, 1504, 1270, 32], [-1080, 3616, 3060, 12], [-642, 3556, 2266, 0]]","[[312, 52, 2496, 69], [647, -453, 1723, 110], [426, 200, 1411, 67], [215, 703, 1295, 42], [274, 1716, 1979, 12], [403, 1150, 1011, 36], [141, 1193, 856, 24], [399, 2024, 904, 8], [567, 2566, 1418, 0]]"
1765544882.9292722,"[[-647, -122, 1771, 94], [-1318, 2916, 3428, 41], [-224, 584, 654, 47], [-480, 1480, 1270, 33], [-1080, 3592, 3060, 13], [-609, 3556, 2266, 0]]","[[312, 28, 2496, 70], [647, -475, 1723, 111], [426, 176, 1411, 68], [215, 679, 1295, 43], [273, 1692, 1979, 13], [403, 1126, 1011, 37], [141, 1169, 856, 25], [398, 2000, 904, 9], [553, 2523, 1418, 0]]"
1765544882.9894068,"[[-1318, 2887, 3428, 42], [-224, 555, 654, 48], [-480, 1451, 1270, 34], [-1080, 3563, 3060, 14], [-609, 3527, 2266, 1]]","[[647, -503, 1723, 112], [426, 147, 1411, 69], [215, 650, 1295, 44], [273, 1663, 1979, 14], [403, 1097, 1011, 38], [141, 1140, 856, 26], [398, 1971, 904, 10], [537, 2493, 1418, 0]]"
1765544883.0487008,"[[-1318, 2863, 3428, 43], [-223, 531, 654, 49], [-479, 1427, 1270, 35], [-1080, 3539, 3060, 15], [-609, 3503, 2266, 2]]","[[647, -525, 1723, 113], [426, 123, 1411, 70], [215, 626, 1295, 45], [272, 1639, 1979, 15], [403, 1073, 1011, 39], [141, 1116, 856, 27], [397, 1947, 904, 11], [514, 2451, 1418, 0]]"
1765544883.115075,"[[-1318, 2839, 3428, 44], [-223, 507, 654, 50], [-479, 1403, 1270, 36], [-1080, 3515, 3060, 16], [-492, 3552, 2266, 0]]","[[647, -548, 1723, 114], [426, 99, 1411, 71], [215, 602, 1295, 46], [272, 1615, 1979, 16], [403, 1049, 1011, 40], [141, 1092, 856, 28], [397, 1923, 904, 12], [514, 2427, 1418, 1]]"
1765544883.1783996,"[[-1318, 2810, 3428, 45], [-223, 478, 654, 51], [-479, 1374, 1270, 37], [-1080, 3486, 3060, 17], [-448, 3546, 2266, 0]]","[[647, -576, 1723, 115], [426, 70, 1411, 72], [215, 573, 1295, 47], [272, 1586, 1979, 17], [403, 1020, 1011, 41], [141, 1063, 856, 29], [397, 1894, 904, 13], [514, 2398, 1418, 2]]"
1765544883.237462,"[[-1318, 2798, 3428, 46], [-223, 466, 654, 52], [-479, 1362, 1270, 38], [-1080, 3474, 3060, 18], [-448, 3534, 2266, 1]]","[[647, -587, 1723, 116], [426, 58, 1411, 73], [215, 561, 1295, 48], [272, 1574, 1979, 18], [403, 1008, 1011, 42], [141, 1051, 856, 30], [397, 1882, 904, 14], [514, 2386, 1418, 3]]"
1765544883.3056757,"[[-1318, 2757, 3428, 47], [-222, 425, 654, 53], [-478, 1321, 1270, 39], [-1080, 3433, 3060, 19], [-369, 3529, 2266, 0]]","[[647, -627, 1723, 117], [426, 17, 1411, 74], [215, 520, 1295, 49], [271, 1533, 1979, 19], [403, 967, 1011, 43], [141, 1010, 856, 31], [396, 1841, 904, 15], [513, 2345, 1418, 4]]"
1765544883.3693378,"[[-1318, 2739, 3428, 48], [-222, 407, 654, 54], [-478, 1303, 1270, 40], [-1080, 3415, 3060, 20], [-329, 3518, 2266, 0]]","[[647, -644, 1723, 118], [426, 0, 1411, 75], [215, 502, 1295, 50], [271, 1515, 1979, 20], [403, 949, 1011, 44], [141, 992, 856, 32], [396, 1823, 904, 16], [513, 2327, 1418, 5]]"
1765544883.430659,"[[-1318, 2710, 3428, 49], [-222, 378, 654, 55], [-478, 1274, 1270, 41], [-1080, 3386, 3060, 21], [-287, 3504, 2266, 0]]","[[647, -672, 1723, 119], [426, -28, 1411, 76], [215, 473, 1295, 51], [271, 1486, 1979, 21], [403, 920, 1011, 45], [141, 963, 856, 33], [396, 1794, 904, 17], [513, 2298, 1418, 6]]"
1765544883.4983864,"[[-1318, 2686, 3428, 50], [-221, 354, 654, 56], [-477, 1250, 1270, 42], [-1080, 3362, 3060, 22], [-287, 3480, 2266, 1]]","[[647, -694, 1723, 120], [426, -51, 1411, 77], [215, 449, 1295, 52], [271, 1462, 1979, 22], [403, 896, 1011, 46], [141, 939, 856, 34], [395, 1770, 904, 18], [512, 2274, 1418, 7]]"
1765544883.5609963,"[[-1318, 2657, 3428, 51], [-221, 325, 654, 57], [-477, 1221, 1270, 43], [-1080, 3333, 3060, 23], [-287, 3451, 2266, 2]]","[[647, -722, 1723, 121], [426, -79, 1411, 78], [215, 420, 1295, 53], [271, 1433, 1979, 23], [403, 867, 1011, 47], [141, 910, 856, 35], [395, 1741, 904, 19], [512, 2245, 1418, 8]]"
1765544883.6178918,"[[-1318, 2627, 3428, 52], [-220, 296, 654, 58], [-476, 1192, 1270, 44], [-1080, 3303, 3060, 24], [-287, 3422, 2266, 3]]","[[647, -750, 1723, 122], [426, -107, 1411, 79], [215, 391, 1295, 54], [271, 1404, 1979, 24], [403, 838, 1011, 48], [141, 881, 856, 36], [394, 1712, 904, 20], [511, 2216, 1418, 9]]"
1765544883.683056,"[[-1318, 2598, 3428, 53], [-220, 267, 654, 59], [-476, 1163, 1270, 45], [-1080, 3274, 3060, 25], [-149, 3443, 2266, 0]]","[[647, -778, 1723, 123], [426, -135, 1411, 80], [215, 362, 1295, 55], [271, 1375, 1979, 25], [403, 809, 1011, 49], [141, 852, 856, 37], [394, 1683, 904, 21], [511, 2187, 1418, 10]]"
1765544883.74467,"[[-1318, 2568, 3428, 54], [-219, 238, 654, 60], [-475, 1134, 1270, 46], [-1080, 3244, 3060, 26], [-149, 3414, 2266, 1]]","[[647, -806, 1723, 124], [426, -163, 1411, 81], [215, 333, 1295, 56], [271, 1346, 1979, 26], [403, 780, 1011, 50], [141, 823, 856, 38], [393, 1654, 904, 22], [510, 2158, 1418, 11]]"
1765544883.8008592,"[[-1318, 2550, 3428, 55], [-218, 220, 654, 61], [-474, 1116, 1270, 47], [-1080, 3226, 3060, 27], [-149, 3396, 2266, 2]]","[[647, -823, 1723, 125], [426, -180, 1411, 82], [215, 315, 1295, 57], [271, 1328, 1979, 27], [403, 762, 1011, 51], [141, 805, 856, 39], [392, 1636, 904, 23], [509, 2140, 1418, 12]]"
1765544883.8660648,"[[-1318, 2521, 3428, 56], [-218, 191, 654, 62], [-474, 1087, 1270, 48], [-1080, 3197, 3060, 28], [-6, 3346, 2266, 0]]","[[647, -851, 1723, 126], [426, -208, 1411, 83], [215, 286, 1295, 58], [271, 1299, 1979, 28], [403, 733, 1011, 52], [141, 776, 856, 40], [392, 1607, 904, 24], [509, 2111, 1418, 13]]"
1765544883.9276774,"[[-1318, 2486, 3428, 57], [-217, 156, 654, 63], [-473, 1052, 1270, 49], [-1080, 3162, 3060, 29], [-6, 3311, 2266, 1]]","[[647, -885, 1723, 127], [426, -242, 1411, 84], [215, 251, 1295, 59], [271, 1264, 1979, 29], [403, 698, 1011, 53], [141, 741, 856, 41], [391, 1572, 904, 25], [508, 2076, 1418, 14]]"
1765544883.9839287,"[[-1318, 2462, 3428, 58], [-217, 132, 654, 64], [-473, 1028, 1270, 50], [-1080, 3138, 3060, 30], [-6, 3287, 2266, 2]]","[[647, -908, 1723, 128], [426, -265, 1411, 85], [215, 227, 1295, 60], [271, 1240, 1979, 30], [403, 674, 1011, 54], [141, 717, 856, 42], [391, 1548, 904, 26], [508, 2052, 1418, 15]]"
1765544884.0471358,"[[-1318, 2433, 3428, 59], [-217, 103, 654, 65], [-473, 999, 1270, 51], [-1080, 3109, 3060, 31], [-6, 3258, 2266, 3]]","[[647, -936, 1723, 129], [426, -293, 1411, 86], [215, 198, 1295, 61], [271, 1211, 1979, 31], [403, 645, 1011, 55], [141, 688, 856, 43], [391, 1519, 904, 27], [508, 2023, 1418, 16]]"
1765544884.1076424,"[[-1318, 2403, 3428, 60], [-216, 74, 654, 66], [-472, 970, 1270, 52], [-1080, 3079, 3060, 32], [-6, 3229, 2266, 4]]","[[647, -964, 1723, 130], [426, -321, 1411, 87], [215, 169, 1295, 62], [271, 1182, 1979, 32], [403, 616, 1011, 56], [141, 659, 856, 44], [390, 1490, 904, 28], [507, 1994, 1418, 17]]"
1765544884.163534,"[[-1318, 2385, 3428, 61], [-216, 56, 654, 67], [-472, 952, 1270, 53], [-1080, 3061, 3060, 33]]","[[647, -981, 1723, 131], [426, -338, 1411, 88], [215, 151, 1295, 63], [271, 1164, 1979, 33], [403, 598, 1011, 57], [141, 641, 856, 45], [390, 1472, 904, 29], [507, 1976, 1418, 18]]"
1765544884.2274067,"[[-1318, 2355, 3428, 62], [-215, 27, 654, 68], [-471, 923, 1270, 54], [-1080, 3031, 3060, 34]]","[[647, -1009, 1723, 132], [426, -366, 1411, 89], [215, 122, 1295, 64], [271, 1135, 1979, 34], [403, 569, 1011, 58], [141, 612, 856, 46], [390, 1443, 904, 30], [506, 1947, 1418, 19]]"
1765544884.2890966,"[[-1318, 2326, 3428, 63], [-471, 894, 1270, 55], [-1080, 3002, 3060, 35]]","[[647, -1037, 1723, 133], [215, 93, 1295, 65], [271, 1106, 1979, 35], [403, 540, 1011, 59], [141, 583, 856, 47], [390, 1414, 904, 31], [506, 1918, 1418, 20]]"
1765544884.3441157,"[[-1318, 2297, 3428, 64], [-471, 865, 1270, 56], [-1080, 2973, 3060, 36]]","[[647, -1065, 1723, 134], [215, 64, 1295, 66], [271, 1077, 1979, 36], [403, 511, 1011, 60], [141, 554, 856, 48], [390, 1385, 904, 32], [506, 1889, 1418, 21]]"
1765544884.4073598,"[[-1318, 2262, 3428, 65], [-470, 830, 1270, 57], [-1080, 2938, 3060, 37]]","[[647, -1099, 1723, 135], [215, 29, 1295, 67], [271, 1042, 1979, 37], [403, 476, 1011, 61], [141, 519, 856, 49], [390, 1350, 904, 33], [505, 1854, 1418, 22]]"
1765544884.4681659,"[[-1318, 2233, 3428, 66], [-470, 801, 1270, 58], [-1080, 2909, 3060, 38]]","[[647, -1127, 1723, 136], [215, 0, 1295, 68], [271, 1013, 1979, 38], [403, 447, 1011, 62], [141, 490, 856, 50], [390, 1321, 904, 34], [505, 1825, 1418, 23]]"
1765544884.5236542,"[[-1318, 2215, 3428, 67], [-469, 783, 1270, 59], [-1080, 2891, 3060, 39]]","[[647, -1144, 1723, 137], [215, -17, 1295, 69], [271, 995, 1979, 39], [403, 429, 1011, 63], [141, 472, 856, 51], [390, 1303, 904, 35], [504, 1807, 1418, 24]]"
1765544884.57861,"[[-1318, 2186, 3428, 68], [-469, 754, 1270, 60], [-1080, 2862, 3060, 40]]","[[647, -1172, 1723, 138], [215, -45, 1295, 70], [271, 966, 1979, 40], [403, 400, 1011, 64], [141, 443, 856, 52], [390, 1274, 904, 36], [504, 1778, 1418, 25]]"
1765544884.6390672,"[[-1318, 2156, 3428, 69], [-468, 725, 1270, 61], [-1080, 2832, 3060, 41]]","[[647, -1200, 1723, 139], [215, -73, 1295, 71], [271, 937, 1979, 41], [403, 371, 1011, 65], [141, 414, 856, 53], [390, 1245, 904, 37], [503, 1749, 1418, 26]]"
1765544884.6985338,"[[-1318, 2121, 3428, 70], [-468, 690, 1270, 62], [-1080, 2797, 3060, 42]]","[[647, -1234, 1723, 140], [215, -107, 1295, 72], [271, 902, 1979, 42], [403, 336, 1011, 66], [141, 379, 856, 54], [390, 1210, 904, 38], [503, 1714, 1418, 27]]"
1765544884.754197,"[[-1318, 2109, 3428, 71], [-468, 678, 1270, 63], [-1080, 2785, 3060, 43]]","[[647, -1245, 1723, 141], [215, -118, 1295, 73], [271, 890, 1979, 43], [403, 324, 1011, 67], [141, 367, 856, 55], [390, 1198, 904, 39], [503, 1702, 1418, 28]]"
1765544884.8090644,"[[-1318, 2074, 3428, 72], [-467, 643, 1270, 64], [-1080, 2750, 3060, 44]]","[[647, -1279, 1723, 142], [215, -152, 1295, 74], [271, 855, 1979, 44], [403, 289, 1011, 68], [141, 332, 856, 56], [390, 1163, 904, 40], [502, 1667, 1418, 29]]"
1765544884.8695252,"[[-1318, 2045, 3428, 73], [-467, 614, 1270, 65], [-1080, 2721, 3060, 45]]","[[647, -1307, 1723, 143], [215, -180, 1295, 75], [271, 826, 1979, 45], [403, 260, 1011, 69], [141, 303, 856, 57], [390, 1134, 904, 41], [502, 1638, 1418, 30]]"
1765544884.9290674,"[[-1318, 2015, 3428, 74], [-466, 585, 1270, 66], [-1080, 2691, 3060, 46]]","[[647, -1335, 1723, 144], [215, -208, 1295, 76], [271, 797, 1979, 46], [403, 231, 1011, 70], [141, 274, 856, 58], [390, 1105, 904, 42], [501, 1609, 1418, 31]]"
1765544884.9809709,"[[-1318, 1997, 3428, 75], [-466, 567, 1270, 67], [-1080, 2673, 3060, 47]]","[[647, -1352, 1723, 145], [215, -225, 1295, 77], [271, 779, 1979, 47], [403, 213, 1011, 71], [141, 256, 856, 59], [390, 1087, 904, 43], [501, 1591, 1418, 32]]"
1765544885.0422897,"[[-1318, 1968, 3428, 76], [-466, 538, 1270, 68], [-1080, 2644, 3060, 48]]","[[647, -1380, 1723, 146], [215, -253, 1295, 78], [271, 750, 1979, 48], [403, 184, 1011, 72], [141, 227, 856, 60], [390, 1058, 904, 44], [501, 1562, 1418, 33]]"
1765544885.1011314,"[[-1318, 1933, 3428, 77], [-465, 503, 1270, 69], [-1080, 2609, 3060, 49]]","[[647, -1414, 1723, 147], [215, -287, 1295, 79], [271, 715, 1979, 49], [403, 149, 1011, 73], [141, 192, 856, 61], [390, 1023, 904, 45], [500, 1527, 1418, 34]]"
1765544885.1543036,"[[-1318, 1921, 3428, 78], [-465, 491, 1270, 70], [-1080, 2597, 3060, 50]]","[[647, -1425, 1723, 148], [215, -298, 1295, 80], [271, 703, 1979, 50], [403, 137, 1011, 74], [141, 180, 856, 62], [390, 1011, 904, 46], [500, 1515, 1418, 35]]"
1765544885.215468,"[[-1318, 1897, 3428, 79], [-465, 467, 1270, 71], [-1080, 2573, 3060, 51]]","[[647, -1448, 1723, 149], [215, -321, 1295, 81], [271, 679, 1979, 51], [403, 113, 1011, 75], [141, 156, 856, 63], [390, 987, 904, 47], [500, 1491, 1418, 36]]"
1765544885.2735527,"[[-1318, 1873, 3428, 80], [-464, 443, 1270, 72], [-1080, 2549, 3060, 52]]","[[647, -1470, 1723, 150], [215, -344, 1295, 82], [271, 655, 1979, 52], [403, 89, 1011, 76], [141, 132, 856, 64], [390, 963, 904, 48], [500, 1467, 1418, 37]]"
1765544885.3300679,"[[-1318, 1867, 3428, 81], [-464, 437, 1270, 73], [-1080, 2543, 3060, 53]]","[[647, -1475, 1723, 151], [215, -349, 1295, 83], [271, 649, 1979, 53], [403, 83, 1011, 77], [141, 126, 856, 65], [390, 957, 904, 49], [500, 1461, 1418, 38]]"
1765544885.3922253,"[[-1318, 1867, 3428, 82], [-464, 437, 1270, 74], [-1080, 2543, 3060, 54]]","[[647, -1475, 1723, 152], [215, -349, 1295, 84], [271, 649, 1979, 54], [403, 83, 1011, 78], [141, 126, 856, 66], [390, 957, 904, 50], [500, 1461, 1418, 39]]"
1765544885.4509687,"[[-1318, 1861, 3428, 83], [-464, 431, 1270, 75], [-1080, 2537, 3060, 55]]","[[647, -1480, 1723, 153], [215, -354, 1295, 85], [271, 643, 1979, 55], [403, 77, 1011, 79], [141, 120, 856, 67], [390, 951, 904, 51], [500, 1455, 1418, 40]]"
