1765466630.0184963,87.8769282379392
1765466630.119325,92.78900339670797
1765466630.2193785,92.21751821408992
1765466630.312201,92.1893760749992
1765466630.4127357,93.12966627293235
1765466630.5081785,93.11324986355953
1765466630.6109529,91.70771465391314
1765466630.6896381,91.83435224283282
1765466630.7687452,92.33042213890901
1765466630.8480542,91.83023496768459
1765466630.9284227,91.85231282489937
1765466631.0081086,91.83918294026512
1765466631.0882854,91.8510084565332
1765466631.1674318,91.86110099289303
1765466631.2473752,91.84707717487514
1765466631.3267586,85.93968324869664
1765466631.4054716,85.97998251081425
1765466631.4852743,87.83126145055851
1765466631.563813,87.82662339411557
1765466631.6460245,87.35270970351132
1765466631.7241995,90.18412735095264
1765466631.8024473,90.93261597911041
1765466631.8807755,90.88934063913183
1765466631.9590635,90.26157383717297
1765466632.0386467,90.87729596306832
1765466632.1218994,90.70276046566192
1765466632.2010105,91.3089457580986
1765466632.2798753,91.2238068673053
1765466632.3581843,91.28302869954462
1765466632.4363856,91.2800100482094
1765466632.5148034,91.24928488664258
1765466632.5971317,90.73025888853158
1765466632.6763008,90.73118345473539
1765466632.7550695,90.69402038022079
1765466632.8355265,90.72658910062573
1765466632.9150355,90.76490691447597
1765466632.9936724,90.6792914570507
1765466633.0736263,91.28747551311874
1765466633.159551,90.4495883653412
1765466633.2425528,90.45070567065889
1765466633.3213131,90.44180591812018
1765466633.4020507,91.21563269715489
1765466633.4887354,91.24471445397265
1765466633.5677903,90.45119875406456
1765466633.6470895,90.45575913609953
1765466633.7247264,90.44934456426479
1765466633.802056,90.44410187207555
1765466633.8841438,91.22661318306758
1765466633.9629526,91.2078428109264
1765466634.0468476,90.44182033260718
1765466634.1277752,91.1834761862346
1765466634.2056801,90.46381856767243
1765466634.285178,90.47968181691898
1765466634.3633153,90.47367309924192
1765466634.451279,91.22696151418192
1765466634.5491345,91.22417660446149
1765466634.6274908,90.44363970498947
1765466634.7059505,90.50769977060921
1765466634.7863412,91.2168679268556
1765466634.8668609,91.24349837008667
1765466634.945391,90.45426244562357
1765466635.0232697,90.43701298210904
1765466635.1012897,90.43760575848819
1765466635.1794796,90.41622978042251
1765466635.258433,90.49799480361007
1765466635.336327,90.43602389280076
1765466635.4153001,91.23255031700135
1765466635.4930763,91.25339816155373
1765466635.571034,90.43095530658589
1765466635.6490483,90.4396386463436
1765466635.7271912,91.21166209005116
1765466635.8049634,91.24937628412444
1765466635.883272,91.18777053920098
1765466635.9627347,91.23374226586344
1765466636.0438378,91.47963602177244
1765466636.121349,91.44683868401073
1765466636.1996279,90.6976128754308
1765466636.2773948,90.68372752480414
1765466636.3563542,90.75470346568999
1765466636.4351223,91.27308510472001
1765466636.5140722,91.2888421460655
1765466636.592795,90.46809458753839
1765466636.670771,91.2570730453338
1765466636.7566125,91.23269829454775
1765466636.8366494,90.68672372587255
1765466636.91562,90.74846179965863
1765466636.994137,90.76410762862757
1765466637.071966,90.70865247893678
1765466637.1505191,90.75399925697117
1765466637.2292683,90.70786422459655
1765466637.3080873,90.73594692719658
1765466637.3859267,90.72203732364308
1765466637.4673097,90.78897376274466
1765466637.5452623,90.72769023221156
1765466637.6305757,90.67660146604506
1765466637.7087204,90.69710604307592
1765466637.7880387,90.00624818802106
1765466637.8653886,90.71457148613467
1765466637.944852,90.73071310778441
1765466638.0228362,90.7254875186069
1765466638.1012788,91.28543649948533
1765466638.1796494,91.26261990775072
1765466638.258145,90.1786229914305
1765466638.336666,90.90665570860837
1765466638.4137845,90.92443633215306
1765466638.4912078,90.20675016037818
1765466638.5691433,90.21118019976883
1765466638.6481204,90.68922308157948
1765466638.7272763,90.72375107249073
1765466638.8063111,90.6735178734303
1765466638.884352,91.22775559921413
1765466638.9623673,90.74863632627786
1765466639.0407398,90.7222369556586
1765466639.1185968,91.06224099198724
1765466639.1966288,91.23960729751872
1765466639.2754972,91.0186366203783
1765466639.353866,89.94905977142555
1765466639.432097,89.64766032123273
1765466639.5118747,96.49284759349187
1765466639.5895379,95.45385317259317
1765466639.667772,95.22125142355168
1765466639.7460802,94.82069847009123
1765466639.8244176,94.4804360603653
1765466639.9015644,86.87052066437093
1765466639.980129,86.8202571339499
1765466640.0587432,86.71385151551914
1765466640.1367419,85.83373477026416
1765466640.2193518,85.94002197620497
1765466640.297844,90.14925651698923
1765466640.3777614,89.3643406540112
1765466640.4576306,88.14469441539497
1765466640.537146,85.49304437095014
1765466640.615051,85.40511411494438
1765466640.6957493,101.71561097499142
1765466640.7725859,101.39336745957338
1765466640.8543112,102.99532303711902
1765466640.9339619,171.26337432485747
1765466641.0127301,173.26187070107108
1765466641.091387,173.51757930778558
1765466641.1697855,94.75389443860307
1765466641.2489522,95.558304246431
1765466641.3283806,96.72938237246818
1765466641.4076595,98.64564376856222
1765466641.487556,101.44823058472312
1765466641.565469,89.1104594618365
1765466641.6446846,90.42431597649414
1765466641.7218971,91.55379647498702
1765466641.8003566,94.2141382303038
1765466641.8795974,18.21134672563133
1765466641.9578807,24.965807706204956
1765466642.035576,102.02248619711793
1765466642.1139657,86.09151113840652
1765466642.1919289,85.36294031484871
1765466642.277897,60.68442656748639
1765466642.3567076,83.86889462113652
1765466642.4340394,89.54528621239562
1765466642.5109773,89.10973109431681
1765466642.5939124,88.86164330398599
1765466642.6737154,83.34415595018383
1765466642.7531788,86.30245219480561
1765466642.83116,82.4992910174659
1765466642.9095006,151.5816662785508
1765466642.9882104,155.62729087710665
1765466643.067072,158.90434456385375
1765466643.1443388,44.23749300721394
1765466643.2219307,66.10112726835541
1765466643.2997262,88.42616805752925
1765466643.3787782,99.08462196972644
1765466643.457104,105.07481895755218
1765466643.5346808,98.23421501910981
1765466643.6134787,82.32024324622557
1765466643.6925457,31.103447521055166
1765466643.7713647,35.46262915870634
1765466643.8501124,24.549054620253898
1765466643.928694,25.766919306645548
1765466644.0064166,33.106873082006935
1765466644.0867279,42.03666734098599
1765466644.167799,56.375482702034375
1765466644.2460468,62.31386550724068
1765466644.3249538,72.7853485098276
1765466644.4037185,76.50259005990696
1765466644.4814818,78.78425017952196
1765466644.559267,90.0
1765466644.6382358,90.0
1765466644.7164025,90.0
1765466644.7936077,90.0
1765466644.8712106,90.0
1765466644.9500923,90.0
1765466645.0274916,90.0
1765466645.1069613,34.054002968219294
1765466645.1934478,40.66018307694875
1765466645.2718985,44.62150415408299
1765466645.3514419,50.22584689639692
1765466645.4353564,61.8754731430113
1765466645.5149,64.53036115706074
1765466645.5940351,72.93020644338058
1765466645.6736748,76.40327110293438
1765466645.751076,77.86962834467258
1765466645.8320642,89.99426200623002
1765466645.9112136,89.99581817011565
1765466645.9889987,89.99615786412419
1765466646.0698311,17.545262543893116
1765466646.1471784,13.831272111096638
1765466646.2254393,12.553120107340135
1765466646.3109038,109.86308296538567
1765466646.3882122,111.88697091214219
1765466646.4668515,113.25213609085284
1765466646.54501,114.146308203962
1765466646.6245673,114.20783280003327
1765466646.7039602,90.0
1765466646.7842681,90.0
1765466646.8622873,90.0
1765466646.940442,90.0
1765466647.0203128,90.0
1765466647.0995314,90.0
1765466647.1789782,90.0
1765466647.2577293,90.0
1765466647.4244475,90.0
1765466647.5042725,90.0
1765466647.5818791,90.0
1765466647.661932,90.0
1765466647.7398093,90.0
1765466647.8176014,90.0
1765466647.8958104,90.0
1765466647.9738135,90.0
1765466648.051328,90.0
1765466648.1308053,90.0
1765466648.2079005,90.0
1765466648.2851567,90.0
1765466648.3631692,90.0
1765466648.4402933,90.0
1765466648.5185373,90.0
1765466648.5962105,90.0
1765466648.6770694,90.0
1765466648.7546039,90.0
1765466648.8382225,90.0
1765466648.9162214,90.0
1765466648.9947722,90.0
1765466649.0735002,90.0
1765466649.1522338,90.0
1765466649.230432,90.0
1765466649.3085093,90.0
1765466649.3862467,90.0
1765466649.4643807,90.0
1765466649.5421255,90.0
1765466649.6197639,90.0
1765466649.6976786,90.0
1765466649.7760944,90.0
1765466649.8554797,90.0
1765466649.9338222,90.0
1765466650.0107408,90.0
1765466650.0907166,90.0
1765466650.1682806,90.0
1765466650.2465374,90.0
1765466650.3245587,90.0
1765466650.4028594,90.0
1765466650.4846516,90.0
1765466650.5632825,90.0
1765466650.6432738,90.0
1765466650.726939,90.0
1765466650.8079348,90.0
1765466650.8885467,90.0
1765466650.9817917,90.0
1765466651.0727203,90.0
1765466651.1657698,90.0
1765466651.2467291,90.0
1765466651.327765,90.0
1765466651.406909,90.0
1765466651.4993196,90.0
1765466651.5787442,90.0
1765466651.6585186,90.0
1765466651.7391133,90.0
1765466651.8216832,90.0
1765466651.902518,90.0
1765466651.9826753,90.0
1765466652.0637307,90.0
1765466652.1425242,90.0
