1765464253.0002546,-0.01,0.0
1765464253.0320451,-0.0,0.0
1765464253.0648575,0.07,0.0
1765464253.0975835,0.22,1.0
1765464253.130228,0.27,3.0
1765464253.1669066,0.27,4.0
1765464253.199962,0.26,6.0
1765464253.2327797,0.28,7.0
1765464253.26548,0.28,9.0
1765464253.298327,0.26,11.0
1765464253.3310566,0.26,13.0
1765464253.363822,0.28,16.0
1765464253.3966377,0.28,18.0
1765464253.4332798,0.31,20.0
1765464253.4665928,0.35,23.0
1765464253.499149,0.42,26.0
1765464253.531949,0.45,28.0
1765464253.5645633,0.42,31.0
1765464253.5974164,0.4,34.0
1765464253.6302907,0.37,36.0
1765464253.6629682,0.32,39.0
1765464253.695669,0.29,42.0
1765464253.7323275,0.3,45.0
1765464253.7653427,0.33,48.0
1765464253.7981145,0.34,51.0
1765464253.8309996,0.42,54.0
1765464253.863537,0.49,57.0
1765464253.8964121,0.48,60.0
1765464253.9291594,0.45,64.0
1765464253.9621856,0.42,67.0
1765464253.9947054,0.41,70.0
1765464254.0314095,0.37,73.0
1765464254.0642307,0.3,76.0
1765464254.0972834,0.18,79.0
1765464254.1299002,0.11,82.0
1765464254.1625457,0.05,86.0
1765464254.1953971,0.03,89.0
1765464254.2281275,0.01,92.0
1765464254.2609646,-0.0,96.0
1765464254.293717,-0.01,99.0
1765464254.3302958,-0.11,102.0
1765464254.3632503,-0.17,106.0
1765464254.396149,-0.2,109.0
1765464254.4288957,-0.24,112.0
1765464254.4619224,-0.21,116.0
1765464254.4944522,-0.23,119.0
1765464254.527259,-0.2,123.0
1765464254.5598729,-0.17,126.0
1765464254.592523,-0.17,129.0
1765464254.6256516,-0.18,132.0
1765464254.6619577,-0.18,136.0
1765464254.6951222,-0.23,139.0
1765464254.7276897,-0.39,142.0
1765464254.7605736,-0.52,146.0
1765464254.7930713,-0.53,149.0
1765464254.8261025,-0.47,152.0
1765464254.8586056,-0.38,156.0
1765464254.8916016,-0.35,159.0
1765464254.9243963,-0.37,162.0
1765464254.960953,-0.4,166.0
1765464254.993761,-0.39,169.0
1765464255.0268095,-0.38,172.0
1765464255.0595512,-0.41,175.0
1765464255.0923274,-0.45,178.0
1765464255.1251132,-0.52,181.0
1765464255.157992,-0.59,184.0
1765464255.1906512,-0.66,187.0
1765464255.2233276,-0.73,190.0
1765464255.2604535,-0.74,194.0
1765464255.293116,-0.7,197.0
1765464255.3257945,-0.61,200.0
1765464255.358525,-0.56,203.0
1765464255.3913028,-0.62,206.0
1765464255.4241555,-0.65,209.0
1765464255.4568667,-0.5,212.0
1765464255.489883,-0.18,215.0
1765464255.5223296,0.27,218.0
1765464255.5591545,0.78,222.0
1765464255.5919724,1.29,225.0
1765464255.6248713,1.77,228.0
1765464255.6575203,2.14,231.0
1765464255.690309,2.31,234.0
1765464255.7230709,2.32,236.0
1765464255.7560503,2.25,239.0
1765464255.7886388,2.06,242.0
1765464255.8213599,1.87,244.0
1765464255.8579328,1.77,247.0
1765464255.8908725,1.61,250.0
1765464255.923747,1.51,253.0
1765464255.9566412,1.4,255.0
1765464255.9892032,1.03,258.0
1765464256.022089,0.58,260.0
1765464256.0549111,0.13,263.0
1765464256.0880513,-0.08,266.0
1765464256.1206021,-0.14,268.0
1765464256.1570673,-0.1,271.0
1765464256.1900177,-0.16,274.0
1765464256.2228825,-0.26,276.0
1765464256.255892,-0.37,279.0
1765464256.2888613,-0.38,282.0
1765464256.3211484,-0.37,284.0
1765464256.3540747,-0.37,287.0
1765464256.3904743,-0.38,290.0
1765464256.4234695,-0.37,293.0
1765464256.4566085,-0.32,295.0
1765464256.4892585,-0.32,298.0
1765464256.5218778,-0.41,301.0
1765464256.554683,-0.45,304.0
1765464256.587419,-0.52,307.0
1765464256.6201246,-0.54,309.0
1765464256.6529255,-0.53,312.0
1765464256.6893287,-0.5,315.0
1765464256.7225072,-0.49,318.0
1765464256.7552302,-0.47,320.0
1765464256.7879648,-0.49,323.0
1765464256.820774,-0.51,326.0
1765464256.8537226,-0.36,329.0
1765464256.8863227,-0.16,332.0
1765464256.9191196,-0.11,334.0
1765464256.9521744,-0.19,337.0
1765464256.988815,-0.2,340.0
1765464257.0213997,-0.19,342.0
1765464257.05442,-0.14,345.0
1765464257.0869553,-0.08,348.0
1765464257.120116,-0.04,351.0
1765464257.152559,0.04,354.0
1765464257.1856067,0.14,356.0
1765464257.2178195,0.18,359.0
1765464257.2507684,0.17,362.0
1765464257.2838724,0.15,365.0
1765464257.3203254,0.16,367.0
1765464257.3528588,0.21,370.0
1765464257.38601,0.25,373.0
1765464257.418525,0.23,375.0
1765464257.4515605,0.2,378.0
1765464257.4842088,0.17,381.0
1765464257.5169115,0.14,384.0
1765464257.5495703,0.1,386.0
1765464257.582586,0.1,389.0
1765464257.615095,0.13,392.0
1765464257.6482165,0.14,394.0
1765464257.6846554,0.11,397.0
1765464257.7180345,0.09,400.0
1765464257.7502854,0.05,403.0
1765464257.7835314,-0.05,406.0
1765464257.8158143,-0.09,408.0
1765464257.8494434,-0.03,411.0
1765464257.881369,-0.02,414.0
1765464257.914464,-0.01,417.0
1765464257.9510393,-0.04,420.0
1765464257.9840057,-0.05,422.0
1765464258.016754,-0.02,425.0
1765464258.049538,0.0,428.0
1765464258.0820637,-0.05,430.0
1765464258.115338,-0.09,433.0
1765464258.147588,-0.13,436.0
1765464258.1807823,-0.17,439.0
1765464258.21336,-0.19,442.0
1765464258.2503617,-0.19,444.0
1765464258.2826083,-0.16,447.0
1765464258.3158169,-0.11,450.0
1765464258.3482752,-0.03,453.0
1765464258.3812382,0.05,456.0
1765464258.413778,0.07,458.0
1765464258.4467695,0.05,461.0
1765464258.4794543,0.01,464.0
1765464258.516354,0.01,466.0
1765464258.548971,0.03,469.0
1765464258.581996,0.07,472.0
1765464258.6146119,0.06,474.0
1765464258.6473072,0.02,477.0
1765464258.6800623,-0.0,480.0
1765464258.71305,-0.04,482.0
1765464258.7457895,-0.11,485.0
1765464258.7785437,-0.15,488.0
1765464258.8152325,-0.15,491.0
1765464258.8481085,-0.15,493.0
1765464258.8809607,-0.15,496.0
1765464258.9138799,-0.19,499.0
1765464258.9465072,-0.21,502.0
1765464258.9792862,-0.24,504.0
1765464259.0119026,-0.31,507.0
1765464259.0448253,-0.28,510.0
1765464259.0774806,-0.25,513.0
1765464259.114118,-0.21,516.0
1765464259.1469467,-0.22,518.0
1765464259.1797411,-0.24,521.0
1765464259.212722,-0.22,524.0
1765464259.2454865,-0.16,526.0
1765464259.2782931,-0.2,529.0
1765464259.3110433,-0.23,532.0
1765464259.3436487,-0.27,534.0
1765464259.3764806,-0.31,537.0
1765464259.40934,-0.34,540.0
1765464259.4459443,-0.36,543.0
1765464259.4787827,-0.32,546.0
1765464259.5116553,-0.29,548.0
1765464259.5448318,-0.24,552.0
1765464259.5771997,-0.13,554.0
1765464259.6100557,-0.08,557.0
1765464259.6429343,-0.08,560.0
1765464259.6755955,-0.13,563.0
1765464259.70836,-0.15,566.0
1765464259.7448575,-0.15,568.0
1765464259.7776933,-0.12,571.0
1765464259.8109138,-0.11,574.0
1765464259.8434439,-0.15,576.0
1765464259.8765078,-0.19,579.0
1765464259.9089987,-0.25,582.0
1765464259.941871,-0.29,584.0
1765464259.9745982,-0.32,587.0
1765464260.0072167,-0.31,590.0
1765464260.0438476,-0.3,593.0
1765464260.0770013,-0.3,596.0
1765464260.109558,-0.35,598.0
1765464260.1424174,-0.38,601.0
1765464260.1752853,-0.44,604.0
1765464260.2079232,-0.5,607.0
1765464260.2407403,-0.51,610.0
1765464260.2735152,-0.48,612.0
1765464260.306251,-0.44,615.0
1765464260.3428488,-0.44,618.0
1765464260.3758533,-0.47,621.0
1765464260.408515,-0.45,624.0
1765464260.441446,-0.4,626.0
1765464260.474129,-0.43,629.0
1765464260.5071023,-0.44,632.0
1765464260.5398672,-0.47,635.0
1765464260.5727715,-0.52,638.0
1765464260.605191,-0.55,640.0
1765464260.6381958,-0.58,643.0
1765464260.6707585,-0.54,646.0
1765464260.7091765,-0.49,649.0
1765464260.7404149,-0.41,652.0
1765464260.7734942,-0.29,655.0
1765464260.805936,-0.27,658.0
1765464260.8388503,-0.29,660.0
1765464260.871487,-0.35,663.0
1765464260.904418,-0.36,666.0
1765464260.9370432,-0.33,669.0
1765464260.9698188,-0.3,671.0
1765464261.0066211,-0.33,674.0
1765464261.0397782,-0.37,677.0
1765464261.0723517,-0.41,679.0
1765464261.1049733,-0.45,682.0
1765464261.1377392,-0.5,685.0
1765464261.170441,-0.53,688.0
1765464261.2032962,-0.54,690.0
1765464261.236278,-0.49,693.0
1765464261.2688286,-0.47,696.0
1765464261.3055522,-0.49,699.0
1765464261.3382826,-0.53,702.0
1765464261.3714023,-0.6,704.0
1765464261.4038959,-0.65,707.0
1765464261.4369879,-0.65,710.0
1765464261.469446,-0.6,713.0
1765464261.502506,-0.56,716.0
1765464261.535007,-0.57,719.0
1765464261.56789,-0.57,722.0
1765464261.6043942,-0.54,724.0
1765464261.6373925,-0.52,727.0
1765464261.67018,-0.55,730.0
1765464261.7028222,-0.55,733.0
1765464261.7357235,-0.57,736.0
1765464261.7685506,-0.58,738.0
1765464261.8013318,-0.61,741.0
1765464261.8340957,-0.61,744.0
1765464261.866804,-0.57,747.0
1765464261.90337,-0.53,750.0
1765464261.9361906,-0.46,753.0
1765464261.969195,-0.37,756.0
1765464262.0023456,-0.34,758.0
1765464262.034681,-0.38,761.0
1765464262.0676308,-0.4,764.0
1765464262.100339,-0.39,767.0
1765464262.1329913,-0.35,770.0
1765464262.165866,-0.33,772.0
1765464262.202716,-0.37,775.0
1765464262.2351823,-0.38,778.0
1765464262.268212,-0.41,781.0
1765464262.3009775,-0.46,784.0
1765464262.3338566,-0.53,786.0
1765464262.3665931,-0.56,789.0
1765464262.399298,-0.53,792.0
1765464262.4320772,-0.46,795.0
1765464262.4650583,-0.49,798.0
1765464262.501225,-0.55,801.0
1765464262.5345461,-0.63,804.0
1765464262.5672967,-0.68,806.0
1765464262.604156,-0.67,809.0
1765464262.6327417,-0.6,812.0
1765464262.6655307,-0.57,815.0
1765464262.698189,-0.61,818.0
1765464262.731032,-0.62,821.0
1765464262.7637677,-0.59,824.0
1765464262.8004456,-0.54,827.0
1765464262.8335564,-0.55,830.0
1765464262.8663907,-0.55,832.0
1765464262.899152,-0.59,835.0
1765464262.931531,-0.63,838.0
1765464262.9645512,-0.65,841.0
1765464262.9971907,-0.66,844.0
1765464263.0300157,-0.62,847.0
1765464263.063189,-0.61,850.0
1765464263.0955489,-0.55,852.0
1765464263.132325,-0.44,856.0
1765464263.1649892,-0.4,858.0
1765464263.1979587,-0.43,861.0
1765464263.2307158,-0.49,864.0
1765464263.2634745,-0.48,867.0
1765464263.2960508,-0.42,870.0
1765464263.3291419,-0.39,873.0
1765464263.3616781,-0.4,875.0
1765464263.394635,-0.44,878.0
1765464263.431119,-0.52,881.0
1765464263.4640913,-0.54,884.0
1765464263.4968204,-0.59,886.0
1765464263.5295618,-0.61,890.0
1765464263.5624478,-0.57,892.0
1765464263.5953665,-0.55,895.0
1765464263.6280258,-0.6,898.0
1765464263.6608272,-0.64,901.0
1765464263.6935678,-0.66,904.0
1765464263.7299564,-0.75,907.0
1765464263.7629757,-0.73,910.0
1765464263.7958684,-0.68,913.0
1765464263.8287613,-0.66,916.0
1765464263.861667,-0.66,919.0
1765464263.8942397,-0.66,922.0
1765464263.9270048,-0.64,925.0
1765464263.9597764,-0.6,928.0
1765464263.9925086,-0.6,930.0
1765464264.025338,-0.61,934.0
1765464264.0619779,-0.66,936.0
1765464264.0947864,-0.69,939.0
1765464264.127702,-0.7,942.0
1765464264.160535,-0.69,945.0
1765464264.193188,-0.64,948.0
1765464264.2258584,-0.61,951.0
1765464264.258764,-0.49,954.0
1765464264.2914095,-0.44,956.0
1765464264.3242333,-0.46,959.0
1765464264.360992,-0.51,962.0
1765464264.3936758,-0.51,965.0
1765464264.4268858,-0.49,968.0
1765464264.459273,-0.48,970.0
1765464264.4922931,-0.48,973.0
1765464264.5249925,-0.5,976.0
1765464264.557761,-0.51,978.0
1765464264.590588,-0.51,981.0
1765464264.6233816,-0.54,983.0
1765464264.659855,-0.54,984.0
1765464264.692748,-0.54,986.0
1765464264.7257252,-0.51,988.0
1765464264.758462,-0.49,989.0
1765464264.7916028,-0.51,990.0
1765464264.8240726,-0.51,991.0
1765464264.8567398,-0.57,992.0
1765464264.8896048,-0.58,993.0
1765464264.926107,-0.52,994.0
1765464264.9588606,-0.51,994.0
1765464264.9916708,-0.52,994.0
1765464265.024633,-0.52,994.0
1765464265.057613,-0.53,994.0
1765464265.0902443,-0.51,994.0
1765464265.1229515,-0.5,994.0
1765464265.1558235,-0.51,994.0
1765464265.1885338,-0.5,994.0
1765464265.224983,-0.49,994.0
1765464265.2579625,-0.49,994.0
1765464265.2907197,-0.48,994.0
1765464265.3237684,-0.48,994.0
1765464265.3564634,-0.48,994.0
1765464265.3892248,-0.48,994.0
1765464265.4221926,-0.48,994.0
1765464265.454787,-0.48,994.0
1765464265.4918163,-0.48,994.0
1765464265.5241508,-0.48,994.0
1765464265.5572982,-0.48,994.0
1765464265.5898385,-0.48,994.0
1765464265.6226814,-0.47,994.0
1765464265.6555605,-0.47,994.0
1765464265.6883235,-0.47,994.0
1765464265.7248516,-0.47,994.0
1765464265.757615,-0.47,994.0
1765464265.7904932,-0.47,994.0
1765464265.823487,-0.47,994.0
1765464265.8563075,-0.47,994.0
1765464265.8890855,-0.47,994.0
1765464265.9219277,-0.47,994.0
1765464265.9543962,-0.47,994.0
1765464265.9875565,-0.47,994.0
1765464266.023802,-0.47,994.0
1765464266.0568595,-0.47,994.0
1765464266.0894752,-0.47,994.0
1765464266.1225512,-0.47,994.0
1765464266.155146,-0.47,994.0
1765464266.1879861,-0.47,994.0
1765464266.2206821,-0.47,994.0
1765464266.2534466,-0.47,994.0
1765464266.2861397,-0.47,994.0
1765464266.3230515,-0.47,994.0
1765464266.3556266,-0.47,994.0
1765464266.3885605,-0.47,995.0
1765464266.421281,-0.47,995.0
1765464266.454197,-0.47,995.0
1765464266.4868476,-0.47,995.0
1765464266.5199413,-0.46,995.0
1765464266.5526402,-0.46,995.0
1765464266.589243,-0.46,995.0
1765464266.6220295,-0.46,995.0
1765464266.6548045,-0.46,995.0
1765464266.6875734,-0.46,995.0
1765464266.7201545,-0.46,995.0
1765464266.7531075,-0.46,995.0
1765464266.786024,-0.46,995.0
1765464266.8225174,-0.46,995.0
1765464266.855342,-0.46,995.0
1765464266.8883018,-0.46,995.0
1765464266.9209301,-0.46,995.0
1765464266.953829,-0.46,995.0
1765464266.9865654,-0.46,996.0
1765464267.019374,-0.45,996.0
1765464267.0523243,-0.45,996.0
1765464267.0889103,-0.45,996.0
1765464267.1220891,-0.45,996.0
1765464267.1544719,-0.45,996.0
1765464267.1872606,-0.45,996.0
1765464267.220051,-0.45,996.0
1765464267.2528586,-0.45,996.0
1765464267.28558,-0.45,996.0
1765464267.3222919,-0.45,996.0
1765464267.3551195,-0.45,996.0
1765464267.388149,-0.45,996.0
1765464267.4208167,-0.45,996.0
1765464267.453623,-0.45,996.0
1765464267.4862862,-0.45,996.0
1765464267.518978,-0.45,996.0
1765464267.5554578,-0.45,996.0
1765464267.5887544,-0.45,996.0
1765464267.6214223,-0.45,996.0
1765464267.6541684,-0.45,996.0
1765464267.6868968,-0.45,996.0
1765464267.7197971,-0.45,996.0
1765464267.7526214,-0.45,996.0
1765464267.7852645,-0.45,996.0
1765464267.8218036,-0.45,996.0
1765464267.8547869,-0.45,996.0
1765464267.8876302,-0.45,996.0
1765464267.9204617,-0.45,996.0
1765464267.953205,-0.45,996.0
1765464267.9859114,-0.45,996.0
1765464268.0188844,-0.45,996.0
1765464268.051686,-0.44,996.0
1765464268.0880818,-0.44,996.0
1765464268.1209974,-0.44,996.0
1765464268.153957,-0.44,996.0
1765464268.1866035,-0.44,996.0
1765464268.2194805,-0.44,996.0
1765464268.2522962,-0.44,996.0
1765464268.2849844,-0.44,996.0
1765464268.3177032,-0.44,996.0
1765464268.350785,-0.41,996.0
1765464268.3872032,-0.42,996.0
1765464268.4202704,-0.45,996.0
1765464268.4528604,-0.41,996.0
1765464268.4856405,-0.42,996.0
1765464268.518336,-0.44,996.0
1765464268.5511835,-0.41,996.0
1765464268.5838108,-0.42,996.0
1765464268.6167464,-0.43,996.0
1765464268.6533022,-0.41,996.0
1765464268.6861806,-0.41,996.0
1765464268.7190764,-0.41,996.0
1765464268.7524304,-0.4,996.0
1765464268.7846923,-0.4,996.0
1765464268.8173754,-0.39,996.0
1765464268.8501859,-0.39,996.0
1765464268.8829734,-0.39,996.0
1765464268.9157522,-0.38,996.0
1765464268.9488852,-0.38,996.0
1765464268.985122,-0.38,996.0
1765464269.0180516,-0.38,996.0
1765464269.050694,-0.38,996.0
