1765467933.3980772,90.0
1765467933.480457,90.0
1765467933.5627844,90.0
1765467933.6439486,90.0
1765467933.724851,90.0
1765467933.8059878,90.0
1765467933.8889945,90.0
1765467933.971053,90.0
1765467934.0528169,90.0
1765467934.1392276,90.0
1765467934.2207801,90.0
1765467934.3009927,90.0
1765467934.3835454,90.0
1765467934.4649441,90.0
1765467934.5461404,90.0
1765467934.6275916,90.0
1765467934.7100158,90.0
1765467934.7912986,90.0
1765467934.8727508,90.0
1765467934.9548674,90.0
1765467935.036373,90.0
1765467935.116981,90.0
1765467935.1979797,90.0
1765467935.278601,90.0
1765467935.3587182,90.0
1765467935.4398918,90.0
1765467935.5208976,90.0
1765467935.6005642,90.0
1765467935.6807916,90.0
1765467935.7614346,90.0
1765467935.8418596,90.0
1765467935.9218354,90.0
1765467936.0020735,90.0
1765467936.0966425,90.0
1765467936.1761777,90.0
1765467936.2582674,90.0
1765467936.3395586,90.0
1765467936.4205823,90.0
1765467936.5032673,90.0
1765467936.5834904,90.0
1765467936.664971,90.0
1765467936.745736,90.0
1765467936.8258286,90.0
1765467936.9063737,90.0
1765467936.9859257,90.0
1765467937.0656843,90.0
1765467937.147233,90.0
1765467937.228559,90.0
1765467937.309795,90.0
1765467937.3901951,90.0
1765467937.4709115,90.0
1765467937.5515757,90.0
1765467937.6322417,90.0
1765467937.713051,90.0
1765467937.7929032,90.0
1765467937.8845382,90.0
1765467937.9777503,90.0
1765467938.0711024,90.0
1765467938.1516464,90.0
1765467938.232419,90.0
1765467938.3127334,90.0
1765467938.393073,90.0
1765467938.4730997,90.0
1765467938.5547423,90.0
1765467938.6442623,90.0
1765467938.7239864,90.0
1765467938.8049424,90.0
1765467938.8849661,90.0
1765467938.9646385,90.0
1765467939.0455673,90.0
1765467939.1254377,90.0
1765467939.2055817,90.0
1765467939.2864742,90.0
1765467939.3675697,90.0
1765467939.447204,90.0
1765467939.5271194,90.0
1765467939.6064098,90.0
1765467939.6858428,90.0
1765467939.7649212,90.0
1765467939.845983,90.0
1765467939.927236,90.0
1765467940.0091128,90.0
1765467940.090167,90.0
1765467940.1701393,90.0
1765467940.2517753,90.0
1765467940.3319383,90.0
1765467940.4133701,90.0
1765467940.4952164,90.0
1765467940.5745103,90.0
1765467940.6555374,90.0
1765467940.736779,90.0
1765467940.8175948,90.0
1765467940.898034,90.0
1765467940.9784517,90.0
1765467941.0597851,90.0
1765467941.140735,90.0
1765467941.2210333,90.0
1765467941.3021967,90.0
1765467941.3830419,90.0
1765467941.4636126,90.0
1765467941.5538309,90.0
1765467941.6568496,90.0
1765467941.7489498,90.0
1765467941.8434412,90.0
1765467941.923778,90.0
1765467942.0043402,90.0
1765467942.0876756,90.0
1765467942.1747704,90.0
1765467942.2697234,90.0
1765467942.35051,90.0
1765467942.4308574,39.039648614543104
1765467942.5105293,90.0
1765467942.5910034,90.0
1765467942.6711233,90.0
1765467942.751566,90.0
1765467942.8312187,90.0
1765467942.9114947,90.0
1765467942.9904504,90.0
1765467943.070377,90.0
1765467943.1501112,90.0
1765467943.2304344,90.0
1765467943.3101082,90.0
1765467943.3894527,90.0
1765467943.4690192,90.0
1765467943.5499482,90.0
1765467943.630816,90.0
1765467943.711518,90.0
1765467943.7916808,90.0
1765467943.8706613,90.0
1765467943.9504735,90.0
1765467944.0314991,90.0
1765467944.1114862,90.0
1765467944.1918004,90.0
1765467944.271545,90.0
1765467944.3528585,90.0
1765467944.4313116,90.0
1765467944.5115376,90.0
1765467944.5905998,90.0
1765467944.670476,90.0
1765467944.7488358,90.0
1765467944.8282106,90.0
1765467944.9203665,90.0
1765467945.0109904,90.0
1765467945.090694,90.0
1765467945.1714444,90.0
1765467945.251989,90.0
1765467945.3323185,90.0
1765467945.413626,90.0
1765467945.4944632,90.0
1765467945.575161,90.0
1765467945.6553185,90.0
1765467945.7353332,90.0
1765467945.8150663,90.0
1765467945.8946557,90.0
1765467945.9739265,90.0
1765467946.0537586,90.0
1765467946.1340342,90.0
1765467946.2149174,90.0
1765467946.295754,90.0
1765467946.3749034,90.0
1765467946.4544168,90.0
1765467946.5330725,90.0
1765467946.6129122,90.0
1765467946.6935306,90.0
1765467946.775167,90.0
1765467946.8571596,90.0
1765467946.935681,90.0
1765467947.0155394,90.0
1765467947.0945008,90.0
1765467947.1746225,90.0
1765467947.2551017,53.60343524133753
1765467947.3379579,57.322549176007364
1765467947.418561,61.790041854245146
1765467947.4977298,63.6865611149983
1765467947.5778146,68.65943253465645
1765467947.6565413,90.0
1765467947.7363832,90.0
1765467947.8176012,90.0
1765467947.8988116,90.0
1765467947.9794352,90.0
1765467948.0595064,90.0
1765467948.1391132,90.0
1765467948.2200205,90.0
1765467948.3022876,90.0
1765467948.3832026,90.0
1765467948.4649293,90.0
1765467948.545556,90.0
1765467948.6257288,90.0
1765467948.7057712,90.0
1765467948.7846596,90.0
1765467948.8641756,90.0
1765467948.9433188,90.0
1765467949.0229864,90.0
1765467949.1022205,90.0
1765467949.183386,90.0
1765467949.2643437,90.0
1765467949.3447535,90.0
1765467949.424126,90.0
1765467949.5047019,90.0
1765467949.5839057,90.0
1765467949.6641715,90.0
1765467949.7434568,90.0
1765467949.8228154,90.0
1765467949.9040344,90.0
1765467949.9848158,90.0
1765467950.0648735,90.0
1765467950.14406,90.0
1765467950.22343,90.0
1765467950.3031864,90.0
1765467950.3825316,90.0
1765467950.461756,90.0
1765467950.5413177,90.0
1765467950.620114,90.0
1765467950.6990263,90.0
1765467950.782364,90.0
1765467950.861463,90.0
1765467950.940314,90.0
1765467951.1109917,90.0
1765467951.1897953,90.0
1765467951.269698,90.0
1765467951.349074,90.0
1765467951.4291475,90.0
1765467951.5094266,90.0
1765467951.589904,90.0
1765467951.6706316,90.0
1765467951.750775,90.0
1765467951.8312545,90.0
1765467951.910828,90.0
1765467951.9907043,90.0
1765467952.070734,90.0
1765467952.150837,90.0
