1765545776.2182674,"[[-300, 5, 0, 3], [-300, 750, 0, 3], [-300, 1500, 0, 3]]","[[300, 1, 1, 3], [300, 755, 1, 3], [300, 1505, 1, 3]]"
1765545776.29045,"[[-300, 5, 0, 4], [-300, 750, 0, 4], [-300, 1500, 0, 4]]","[[300, 1, 1, 4], [300, 755, 1, 4], [300, 1505, 1, 4], [333, 3676, 2202, 0], [172, 1819, 383, 0]]"
1765545776.3596494,"[[-300, 5, 0, 5], [-300, 750, 0, 5], [-300, 1500, 0, 5]]","[[300, 1, 1, 5], [300, 755, 1, 5], [300, 1505, 1, 5], [341, 3677, 2202, 0], [243, 1949, 383, 0]]"
1765545776.4299965,"[[-300, 5, 0, 6], [-300, 750, 0, 6], [-300, 1500, 0, 6], [-570, 5029, 3576, 0], [-378, 2224, 818, 0]]","[[300, 1, 1, 6], [300, 755, 1, 6], [300, 1505, 1, 6], [341, 3676, 2202, 0], [244, 1951, 383, 0]]"
1765545776.4957092,"[[-300, 5, 0, 7], [-300, 750, 0, 7], [-300, 1500, 0, 7], [-570, 5029, 3576, 1], [-378, 2226, 818, 0]]","[[300, 1, 1, 7], [300, 755, 1, 7], [300, 1505, 1, 7], [340, 3675, 2202, 0], [247, 1957, 383, 0]]"
1765545776.561351,"[[-300, 5, 0, 8], [-300, 750, 0, 8], [-300, 1500, 0, 8], [-570, 5030, 3576, 0], [-377, 2223, 818, 0]]","[[300, 1, 1, 8], [300, 755, 1, 8], [300, 1505, 1, 8], [341, 3676, 2202, 0], [243, 1949, 383, 0]]"
1765545776.6321404,"[[-300, 5, 0, 9], [-300, 750, 0, 9], [-300, 1500, 0, 9], [-570, 5030, 3576, 0], [-377, 2222, 818, 0], [-314, 3948, 2465, 0]]","[[300, 1, 1, 9], [300, 755, 1, 9], [300, 1505, 1, 9], [341, 3676, 2202, 0], [243, 1949, 383, 0]]"
1765545776.6972885,"[[-300, 5, 0, 10], [-300, 750, 0, 10], [-300, 1500, 0, 10], [-570, 5030, 3576, 1], [-378, 2224, 818, 0], [-314, 3948, 2465, 1], [-366, 4354, 2884, 0]]","[[300, 1, 1, 10], [300, 755, 1, 10], [300, 1505, 1, 10], [341, 3676, 2202, 0], [250, 1963, 383, 0]]"
1765545776.7621145,"[[-300, 5, 0, 11], [-300, 750, 0, 11], [-300, 1500, 0, 11], [-570, 5030, 3576, 2], [-378, 2224, 818, 0], [-314, 3948, 2465, 2], [-367, 4361, 2884, 0]]","[[300, 1, 1, 11], [300, 755, 1, 11], [300, 1505, 1, 11], [340, 3674, 2202, 0], [252, 1967, 383, 0]]"
1765545776.8342109,"[[-300, 5, 0, 12], [-300, 750, 0, 12], [-300, 1500, 0, 12], [-570, 5030, 3576, 3], [-378, 2224, 818, 0], [-314, 3948, 2465, 3], [-366, 4355, 2884, 0]]","[[300, 1, 1, 12], [300, 755, 1, 12], [300, 1505, 1, 12], [341, 3676, 2202, 0], [262, 1985, 383, 0]]"
1765545776.9051383,"[[-300, 5, 0, 13], [-300, 750, 0, 13], [-300, 1500, 0, 13], [-570, 5030, 3576, 4], [-377, 2223, 818, 0], [-314, 3948, 2465, 4], [-366, 4357, 2884, 0]]","[[300, 1, 1, 13], [300, 755, 1, 13], [300, 1505, 1, 13], [341, 3676, 2202, 0], [244, 1952, 383, 0]]"
1765545776.970069,"[[-300, 5, 0, 14], [-300, 750, 0, 14], [-300, 1500, 0, 14], [-378, 2225, 818, 0], [-367, 4362, 2884, 0]]","[[300, 1, 1, 14], [300, 755, 1, 14], [300, 1505, 1, 14], [340, 3675, 2202, 0], [243, 1949, 383, 0]]"
1765545777.0423841,"[[-300, 5, 0, 15], [-300, 750, 0, 15], [-300, 1500, 0, 15], [-377, 2222, 818, 0], [-366, 4356, 2884, 0]]","[[300, 1, 1, 15], [300, 755, 1, 15], [300, 1505, 1, 15], [341, 3676, 2202, 0], [244, 1952, 383, 0]]"
1765545777.1129897,"[[-300, 5, 0, 16], [-300, 750, 0, 16], [-300, 1500, 0, 16], [-378, 2225, 818, 0], [-366, 4356, 2884, 1]]","[[300, 1, 1, 16], [300, 755, 1, 16], [300, 1505, 1, 16], [341, 3676, 2202, 0], [244, 1952, 383, 0]]"
1765545777.1777084,"[[-300, 5, 0, 17], [-300, 750, 0, 17], [-300, 1500, 0, 17], [-377, 2223, 818, 0], [-366, 4356, 2884, 2]]","[[300, 1, 1, 17], [300, 755, 1, 17], [300, 1505, 1, 17], [341, 3676, 2202, 0], [241, 1945, 383, 0]]"
1765545777.2502322,"[[-300, 5, 0, 18], [-300, 750, 0, 18], [-300, 1500, 0, 18], [-378, 2225, 818, 0], [-366, 4359, 2884, 0]]","[[300, 1, 1, 18], [300, 755, 1, 18], [300, 1505, 1, 18], [341, 3677, 2202, 0], [259, 1979, 383, 0]]"
1765545777.3205078,"[[-300, 5, 0, 19], [-300, 750, 0, 19], [-300, 1500, 0, 19], [-377, 2223, 818, 0], [-366, 4359, 2884, 1], [-570, 5030, 3581, 0]]","[[300, 1, 1, 19], [300, 755, 1, 19], [300, 1505, 1, 19], [340, 3675, 2202, 0], [244, 1952, 383, 0]]"
1765545777.385396,"[[-300, 5, 0, 20], [-300, 750, 0, 20], [-300, 1500, 0, 20], [-376, 2224, 818, 0], [-366, 4355, 2884, 0], [-570, 5030, 3581, 1]]","[[300, 1, 1, 20], [300, 755, 1, 20], [300, 1505, 1, 20], [341, 3677, 2202, 0], [250, 1963, 383, 0]]"
1765545777.4562478,"[[-300, 5, 0, 21], [-300, 750, 0, 21], [-300, 1500, 0, 21], [-375, 2222, 818, 0], [-366, 4355, 2884, 1], [-570, 5030, 3581, 2]]","[[300, 1, 1, 21], [300, 755, 1, 21], [300, 1505, 1, 21], [341, 3676, 2202, 0], [254, 1970, 383, 0]]"
1765545777.5224676,"[[-300, 5, 0, 22], [-300, 750, 0, 22], [-300, 1500, 0, 22], [-379, 2226, 818, 0], [-366, 4355, 2884, 0], [-570, 5030, 3581, 3]]","[[300, 1, 1, 22], [300, 755, 1, 22], [300, 1505, 1, 22], [340, 3675, 2202, 0], [241, 1945, 383, 0]]"
1765545777.5873692,"[[-300, 5, 0, 23], [-300, 750, 0, 23], [-300, 1500, 0, 23], [-378, 2225, 818, 0], [-367, 4361, 2884, 0], [-570, 5030, 3581, 4]]","[[300, 1, 1, 23], [300, 755, 1, 23], [300, 1505, 1, 23], [340, 3675, 2202, 0], [247, 1958, 383, 0]]"
1765545777.659784,"[[-300, 5, 0, 24], [-300, 750, 0, 24], [-300, 1500, 0, 24], [-377, 2222, 818, 0], [-367, 4361, 2884, 1], [-570, 5028, 3581, 0]]","[[300, 1, 1, 24], [300, 755, 1, 24], [300, 1505, 1, 24], [341, 3677, 2202, 0], [250, 1963, 383, 0]]"
1765545777.7268906,"[[-300, 5, 0, 25], [-300, 750, 0, 25], [-300, 1500, 0, 25], [-378, 2225, 818, 0], [-367, 4360, 2884, 0], [-570, 5028, 3581, 1]]","[[300, 1, 1, 25], [300, 755, 1, 25], [300, 1505, 1, 25], [341, 3678, 2202, 0], [260, 1981, 383, 0]]"
1765545777.790523,"[[-300, 5, 0, 26], [-300, 750, 0, 26], [-300, 1500, 0, 26], [-378, 2224, 818, 0], [-367, 4360, 2884, 1], [-570, 5028, 3581, 2]]","[[300, 1, 1, 26], [300, 755, 1, 26], [300, 1505, 1, 26], [341, 3677, 2202, 0], [251, 1964, 383, 0]]"
1765545777.8632162,"[[-300, 5, 0, 27], [-300, 750, 0, 27], [-300, 1500, 0, 27], [-378, 2224, 818, 0], [-367, 4360, 2884, 2], [-571, 5033, 3581, 0]]","[[300, 1, 1, 27], [300, 755, 1, 27], [300, 1505, 1, 27], [337, 3676, 2202, 0], [244, 1952, 383, 0]]"
1765545777.934944,"[[-300, 5, 0, 28], [-300, 750, 0, 28], [-300, 1500, 0, 28], [-378, 2224, 818, 0], [-366, 4352, 2884, 0], [-571, 5033, 3581, 1]]","[[300, 1, 1, 28], [300, 755, 1, 28], [300, 1505, 1, 28], [341, 3678, 2202, 0], [258, 1977, 383, 0]]"
1765545777.9988642,"[[-300, 5, 0, 29], [-300, 750, 0, 29], [-300, 1500, 0, 29], [-377, 2222, 818, 0], [-366, 4352, 2884, 1], [-571, 5033, 3581, 2]]","[[300, 1, 1, 29], [300, 755, 1, 29], [300, 1505, 1, 29], [340, 3675, 2202, 0], [254, 1970, 383, 0]]"
1765545778.0713284,"[[-300, 5, 0, 30], [-300, 750, 0, 30], [-300, 1500, 0, 30], [-376, 2224, 818, 0], [-366, 4356, 2884, 0], [-571, 5033, 3581, 3]]","[[300, 1, 1, 30], [300, 755, 1, 30], [300, 1505, 1, 30], [341, 3678, 2202, 0], [236, 1937, 383, 0]]"
1765545778.1376443,"[[-300, 5, 0, 31], [-300, 750, 0, 31], [-300, 1500, 0, 31], [-377, 2223, 818, 0], [-366, 4356, 2884, 1], [-570, 5030, 3581, 0]]","[[300, 1, 1, 31], [300, 755, 1, 31], [300, 1505, 1, 31], [341, 3676, 2202, 0], [256, 1974, 383, 0]]"
1765545778.201869,"[[-300, 5, 0, 32], [-300, 750, 0, 32], [-300, 1500, 0, 32], [-378, 2226, 818, 0], [-366, 4355, 2884, 0], [-570, 5030, 3581, 1]]","[[300, 1, 1, 32], [300, 755, 1, 32], [300, 1505, 1, 32], [341, 3677, 2202, 0], [241, 1945, 383, 0]]"
1765545778.2733793,"[[-300, 5, 0, 33], [-300, 750, 0, 33], [-300, 1500, 0, 33], [-377, 2223, 818, 0], [-366, 4355, 2884, 1], [-570, 5030, 3581, 0]]","[[300, 1, 1, 33], [300, 755, 1, 33], [300, 1505, 1, 33], [341, 3676, 2202, 0], [238, 1940, 383, 0]]"
1765545778.3401563,"[[-300, 5, 0, 34], [-300, 750, 0, 34], [-300, 1500, 0, 34], [-378, 2225, 818, 0], [-366, 4355, 2884, 2], [-571, 5031, 3581, 0]]","[[300, 1, 1, 34], [300, 755, 1, 34], [300, 1505, 1, 34], [341, 3676, 2202, 0], [268, 1996, 383, 0]]"
1765545778.402485,"[[-300, 5, 0, 35], [-300, 750, 0, 35], [-300, 1500, 0, 35], [-378, 2225, 818, 0], [-366, 4355, 2884, 3], [-571, 5031, 3581, 1]]","[[300, 1, 1, 35], [300, 755, 1, 35], [300, 1505, 1, 35], [340, 3674, 2202, 0], [253, 1967, 383, 0]]"
1765545778.471774,"[[-300, 5, 0, 36], [-300, 750, 0, 36], [-300, 1500, 0, 36], [-378, 2224, 818, 0], [-366, 4355, 2884, 4], [-571, 5031, 3581, 2]]","[[300, 1, 1, 36], [300, 755, 1, 36], [300, 1505, 1, 36], [341, 3677, 2202, 0], [278, 2015, 383, 0]]"
1765545778.538332,"[[-300, 5, 0, 37], [-300, 750, 0, 37], [-300, 1500, 0, 37], [-378, 2225, 818, 0], [-571, 5032, 3581, 0]]","[[300, 1, 1, 37], [300, 755, 1, 37], [300, 1505, 1, 37], [341, 3676, 2202, 0], [244, 1952, 383, 0]]"
1765545778.602104,"[[-300, 5, 0, 38], [-300, 750, 0, 38], [-300, 1500, 0, 38], [-378, 2224, 818, 0], [-570, 5030, 3581, 0]]","[[300, 1, 1, 38], [300, 755, 1, 38], [300, 1505, 1, 38], [341, 3677, 2202, 0], [253, 1967, 383, 0]]"
1765545778.675055,"[[-300, 5, 0, 39], [-300, 750, 0, 39], [-300, 1500, 0, 39], [-378, 2226, 818, 0], [-570, 5026, 3581, 0]]","[[300, 1, 1, 39], [300, 755, 1, 39], [300, 1505, 1, 39], [340, 3674, 2202, 0], [276, 2011, 383, 0]]"
1765545778.7421987,"[[-300, 5, 0, 40], [-300, 750, 0, 40], [-300, 1500, 0, 40], [-377, 2223, 818, 0], [-570, 5026, 3581, 1]]","[[300, 1, 1, 40], [300, 755, 1, 40], [300, 1505, 1, 40], [341, 3676, 2202, 0], [235, 1934, 383, 0]]"
1765545778.805845,"[[-300, 5, 0, 41], [-300, 750, 0, 41], [-300, 1500, 0, 41], [-376, 2221, 818, 0], [-570, 5029, 3581, 0]]","[[300, 1, 1, 41], [300, 755, 1, 41], [300, 1505, 1, 41], [341, 3676, 2202, 0], [275, 2010, 383, 0]]"
1765545778.8785799,"[[-300, 5, 0, 42], [-300, 750, 0, 42], [-300, 1500, 0, 42], [-378, 2224, 818, 0], [-570, 5030, 3581, 0]]","[[300, 1, 1, 42], [300, 755, 1, 42], [300, 1505, 1, 42], [341, 3676, 2202, 0], [253, 1967, 383, 0]]"
1765545778.9478757,"[[-300, 5, 0, 43], [-300, 750, 0, 43], [-300, 1500, 0, 43], [-376, 2221, 818, 0], [-570, 5030, 3581, 1], [-366, 4355, 2883, 0]]","[[300, 1, 1, 43], [300, 755, 1, 43], [300, 1505, 1, 43], [340, 3675, 2202, 0], [251, 1964, 383, 0]]"
1765545779.0138216,"[[-300, 5, 0, 44], [-300, 750, 0, 44], [-300, 1500, 0, 44], [-378, 2224, 818, 0], [-419, 4765, 3581, 0], [-366, 4355, 2883, 1]]","[[300, 1, 1, 44], [300, 755, 1, 44], [300, 1505, 1, 44], [337, 3676, 2202, 0], [259, 1979, 383, 0]]"
1765545779.0881054,"[[-300, 5, 0, 45], [-300, 750, 0, 45], [-300, 1500, 0, 45], [-379, 2227, 818, 0], [-570, 5028, 3581, 0], [-366, 4355, 2883, 2]]","[[300, 1, 1, 45], [300, 755, 1, 45], [300, 1505, 1, 45], [341, 3676, 2202, 0], [275, 2010, 383, 0]]"
1765545779.1545656,"[[-300, 5, 0, 46], [-300, 750, 0, 46], [-300, 1500, 0, 46], [-376, 2220, 818, 0], [-570, 5028, 3581, 1], [-366, 4355, 2883, 3]]","[[300, 1, 1, 46], [300, 755, 1, 46], [300, 1505, 1, 46], [341, 3676, 2202, 0], [274, 2008, 383, 0]]"
1765545779.2192926,"[[-300, 5, 0, 47], [-300, 750, 0, 47], [-300, 1500, 0, 47], [-378, 2224, 818, 0], [-570, 5028, 3581, 2], [-366, 4355, 2883, 0]]","[[300, 1, 1, 47], [300, 755, 1, 47], [300, 1505, 1, 47], [341, 3676, 2202, 0], [271, 2002, 383, 0]]"
1765545779.2936265,"[[-300, 5, 0, 48], [-300, 750, 0, 48], [-300, 1500, 0, 48], [-376, 2220, 818, 0], [-570, 5027, 3581, 0], [-366, 4355, 2883, 1]]","[[300, 1, 1, 48], [300, 755, 1, 48], [300, 1505, 1, 48], [341, 3676, 2202, 0], [252, 1966, 383, 0]]"
1765545779.3594372,"[[-300, 5, 0, 49], [-300, 750, 0, 49], [-300, 1500, 0, 49], [-377, 2222, 818, 0], [-570, 5028, 3581, 0], [-366, 4355, 2883, 2]]","[[300, 1, 1, 49], [300, 755, 1, 49], [300, 1505, 1, 49], [337, 3676, 2202, 0], [269, 1997, 383, 0]]"
1765545779.424777,"[[-300, 5, 0, 50], [-300, 750, 0, 50], [-300, 1500, 0, 50], [-378, 2224, 818, 0], [-570, 5029, 3581, 0], [-366, 4355, 2883, 3]]","[[300, 1, 1, 50], [300, 755, 1, 50], [300, 1505, 1, 50], [337, 3677, 2202, 0], [272, 2004, 383, 0]]"
1765545779.4968867,"[[-300, 5, 0, 51], [-300, 750, 0, 51], [-300, 1500, 0, 51], [-378, 2224, 818, 0], [-570, 5029, 3581, 1], [-366, 4355, 2883, 0]]","[[300, 1, 1, 51], [300, 755, 1, 51], [300, 1505, 1, 51], [341, 3677, 2202, 0], [255, 1973, 383, 0]]"
1765545779.5634892,"[[-300, 5, 0, 52], [-300, 750, 0, 52], [-300, 1500, 0, 52], [-377, 2222, 818, 0], [-570, 5030, 3581, 0], [-366, 4355, 2883, 1]]","[[300, 1, 1, 52], [300, 755, 1, 52], [300, 1505, 1, 52], [337, 3678, 2202, 0], [275, 2010, 383, 0]]"
1765545779.627727,"[[-300, 5, 0, 53], [-300, 750, 0, 53], [-300, 1500, 0, 53], [-377, 2222, 818, 0], [-571, 5032, 3581, 0], [-366, 4355, 2883, 2]]","[[300, 1, 1, 53], [300, 755, 1, 53], [300, 1505, 1, 53], [340, 3675, 2202, 0], [272, 2004, 383, 0]]"
1765545779.7022684,"[[-300, 5, 0, 54], [-300, 750, 0, 54], [-300, 1500, 0, 54], [-379, 2226, 818, 0], [-571, 5032, 3581, 1], [-366, 4358, 2883, 0]]","[[300, 1, 1, 54], [300, 755, 1, 54], [300, 1505, 1, 54], [341, 3677, 2202, 0], [269, 1998, 383, 0]]"
1765545779.768959,"[[-300, 5, 0, 55], [-300, 750, 0, 55], [-300, 1500, 0, 55], [-377, 2222, 818, 0], [-570, 5030, 3581, 0], [-366, 4358, 2883, 1]]","[[300, 1, 1, 55], [300, 755, 1, 55], [300, 1505, 1, 55], [341, 3676, 2202, 0], [250, 1962, 383, 0]]"
1765545779.8333995,"[[-300, 5, 0, 56], [-300, 750, 0, 56], [-300, 1500, 0, 56], [-378, 2224, 818, 0], [-570, 5029, 3581, 0], [-366, 4358, 2883, 2]]","[[300, 1, 1, 56], [300, 755, 1, 56], [300, 1505, 1, 56], [337, 3678, 2202, 0], [272, 2004, 383, 0]]"
1765545779.8971064,"[[-300, 5, 0, 57], [-300, 750, 0, 57], [-300, 1500, 0, 57], [-377, 2226, 818, 0], [-570, 5029, 3581, 1], [-366, 4352, 2883, 0]]","[[300, 1, 1, 57], [300, 755, 1, 57], [300, 1505, 1, 57], [337, 3676, 2202, 0], [248, 1960, 383, 0]]"
1765545779.9633055,"[[-300, 5, 0, 58], [-300, 750, 0, 58], [-300, 1500, 0, 58], [-377, 2223, 818, 0], [-570, 5029, 3581, 0], [-366, 4352, 2883, 1]]","[[300, 1, 1, 58], [300, 755, 1, 58], [300, 1505, 1, 58], [337, 3677, 2202, 0], [252, 1967, 383, 0]]"
1765545780.0299125,"[[-300, 5, 0, 59], [-300, 750, 0, 59], [-300, 1500, 0, 59], [-376, 2221, 818, 0], [-570, 5029, 3581, 0], [-366, 4352, 2883, 2]]","[[300, 1, 1, 59], [300, 755, 1, 59], [300, 1505, 1, 59], [337, 3677, 2202, 0], [272, 2004, 383, 0]]"
1765545780.094619,"[[-300, 5, 0, 60], [-300, 750, 0, 60], [-300, 1500, 0, 60], [-378, 2225, 818, 0], [-569, 5023, 3581, 0], [-366, 4352, 2883, 3]]","[[300, 1, 1, 60], [300, 755, 1, 60], [300, 1505, 1, 60], [337, 3676, 2202, 0], [254, 1971, 383, 0]]"
1765545780.1655397,"[[-300, 5, 0, 61], [-300, 750, 0, 61], [-300, 1500, 0, 61], [-378, 2224, 818, 0], [-571, 5033, 3581, 0], [-366, 4352, 2883, 4]]","[[300, 1, 1, 61], [300, 755, 1, 61], [300, 1505, 1, 61], [337, 3676, 2202, 0], [272, 2004, 383, 0]]"
1765545780.231744,"[[-300, 5, 0, 62], [-300, 750, 0, 62], [-300, 1500, 0, 62], [-377, 2223, 818, 0], [-570, 5027, 3581, 0]]","[[300, 1, 1, 62], [300, 755, 1, 62], [300, 1505, 1, 62], [341, 3678, 2202, 0], [254, 1970, 383, 0]]"
1765545780.2954175,"[[-300, 5, 0, 63], [-300, 750, 0, 63], [-300, 1500, 0, 63], [-377, 2222, 818, 0], [-571, 5031, 3581, 0]]","[[300, 1, 1, 63], [300, 755, 1, 63], [300, 1505, 1, 63], [341, 3676, 2202, 0], [269, 1997, 383, 0]]"
1765545780.3682356,"[[-300, 5, 0, 64], [-300, 750, 0, 64], [-300, 1500, 0, 64], [-377, 2223, 818, 0], [-570, 5028, 3581, 0]]","[[300, 1, 1, 64], [300, 755, 1, 64], [300, 1505, 1, 64], [341, 3676, 2202, 0], [254, 1970, 383, 0]]"
1765545780.4359028,"[[-300, 5, 0, 65], [-300, 750, 0, 65], [-300, 1500, 0, 65], [-377, 2223, 818, 0], [-570, 5029, 3581, 0]]","[[300, 1, 1, 65], [300, 755, 1, 65], [300, 1505, 1, 65], [341, 3676, 2202, 0], [272, 2004, 383, 0]]"
1765545780.501163,"[[-300, 5, 0, 66], [-300, 750, 0, 66], [-300, 1500, 0, 66], [-377, 2223, 818, 0], [-570, 5027, 3581, 0]]","[[300, 1, 1, 66], [300, 755, 1, 66], [300, 1505, 1, 66], [341, 3676, 2202, 0], [272, 2004, 383, 0]]"
1765545780.5725622,"[[-300, 5, 0, 67], [-300, 750, 0, 67], [-300, 1500, 0, 67], [-377, 2223, 818, 0], [-570, 5030, 3581, 0]]","[[300, 1, 1, 67], [300, 755, 1, 67], [300, 1505, 1, 67], [341, 3676, 2202, 0], [254, 1969, 383, 0]]"
1765545780.640636,"[[-300, 5, 0, 68], [-300, 750, 0, 68], [-300, 1500, 0, 68], [-377, 2222, 818, 0], [-570, 5029, 3581, 0]]","[[300, 1, 1, 68], [300, 755, 1, 68], [300, 1505, 1, 68], [341, 3677, 2202, 0], [275, 2009, 383, 0]]"
1765545780.7064667,"[[-300, 5, 0, 69], [-300, 750, 0, 69], [-300, 1500, 0, 69], [-378, 2225, 818, 0], [-570, 5030, 3581, 0]]","[[300, 1, 1, 69], [300, 755, 1, 69], [300, 1505, 1, 69], [341, 3676, 2202, 0], [256, 1974, 383, 0]]"
1765545780.7793489,"[[-300, 5, 0, 70], [-300, 750, 0, 70], [-300, 1500, 0, 70], [-378, 2225, 818, 0], [-570, 5030, 3581, 0]]","[[300, 1, 1, 70], [300, 755, 1, 70], [300, 1505, 1, 70], [337, 3676, 2202, 0], [265, 1991, 383, 0]]"
1765545780.848114,"[[-300, 5, 0, 71], [-300, 750, 0, 71], [-300, 1500, 0, 71], [-375, 2221, 818, 0], [-571, 5031, 3581, 0]]","[[300, 1, 1, 71], [300, 755, 1, 71], [300, 1505, 1, 71], [341, 3676, 2202, 0], [271, 2002, 383, 0]]"
1765545780.9141665,"[[-300, 5, 0, 72], [-300, 750, 0, 72], [-300, 1500, 0, 72], [-378, 2224, 818, 0], [-571, 5031, 3581, 0]]","[[300, 1, 1, 72], [300, 755, 1, 72], [300, 1505, 1, 72], [341, 3677, 2202, 0], [272, 2004, 383, 0]]"
1765545780.9774218,"[[-300, 5, 0, 73], [-300, 750, 0, 73], [-300, 1500, 0, 73], [-378, 2224, 818, 0], [-571, 5031, 3581, 1]]","[[300, 1, 1, 73], [300, 755, 1, 73], [300, 1505, 1, 73], [340, 3675, 2202, 0], [269, 1997, 383, 0]]"
1765545781.0440478,"[[-300, 5, 0, 74], [-300, 750, 0, 74], [-300, 1500, 0, 74], [-376, 2221, 818, 0], [-571, 5032, 3581, 0]]","[[300, 1, 1, 74], [300, 755, 1, 74], [300, 1505, 1, 74], [337, 3677, 2202, 0], [247, 1958, 383, 0]]"
1765545781.1110783,"[[-300, 5, 0, 75], [-300, 750, 0, 75], [-300, 1500, 0, 75], [-376, 2221, 818, 0], [-570, 5029, 3581, 0]]","[[300, 1, 1, 75], [300, 755, 1, 75], [300, 1505, 1, 75], [341, 3676, 2202, 0], [269, 1997, 383, 0]]"
1765545781.1733577,"[[-300, 5, 0, 76], [-300, 750, 0, 76], [-300, 1500, 0, 76], [-375, 2223, 818, 0], [-570, 5029, 3581, 0]]","[[300, 1, 1, 76], [300, 755, 1, 76], [300, 1505, 1, 76], [337, 3677, 2202, 0], [265, 1990, 383, 0]]"
1765545781.244113,"[[-300, 5, 0, 77], [-300, 750, 0, 77], [-300, 1500, 0, 77], [-377, 2222, 818, 0], [-570, 5029, 3581, 0]]","[[300, 1, 1, 77], [300, 755, 1, 77], [300, 1505, 1, 77], [341, 3677, 2202, 0], [269, 1997, 383, 0]]"
1765545781.3079844,"[[-300, 5, 0, 78], [-300, 750, 0, 78], [-300, 1500, 0, 78], [-378, 2226, 818, 0], [-570, 5028, 3581, 0]]","[[300, 1, 1, 78], [300, 755, 1, 78], [300, 1505, 1, 78], [337, 3676, 2202, 0], [269, 1997, 383, 0]]"
1765545781.3717408,"[[-300, 5, 0, 79], [-300, 750, 0, 79], [-300, 1500, 0, 79], [-379, 2227, 818, 0], [-570, 5030, 3581, 0]]","[[300, 1, 1, 79], [300, 755, 1, 79], [300, 1505, 1, 79], [340, 3675, 2202, 0], [254, 1970, 383, 0]]"
1765545781.4441645,"[[-300, 5, 0, 80], [-300, 750, 0, 80], [-300, 1500, 0, 80], [-376, 2221, 818, 0], [-570, 5030, 3581, 0]]","[[300, 1, 1, 80], [300, 755, 1, 80], [300, 1505, 1, 80], [337, 3676, 2202, 0], [272, 2004, 383, 0]]"
1765545781.5106685,"[[-300, 5, 0, 81], [-300, 750, 0, 81], [-300, 1500, 0, 81], [-376, 2224, 818, 0], [-571, 5033, 3581, 0]]","[[300, 1, 1, 81], [300, 755, 1, 81], [300, 1505, 1, 81], [337, 3676, 2202, 0], [250, 1962, 383, 0]]"
1765545781.5752304,"[[-300, 5, 0, 82], [-300, 750, 0, 82], [-300, 1500, 0, 82], [-378, 2224, 818, 0], [-570, 5027, 3581, 0]]","[[300, 1, 1, 82], [300, 755, 1, 82], [300, 1505, 1, 82], [340, 3674, 2202, 0], [271, 2002, 383, 0]]"
1765545781.6482728,"[[-300, 5, 0, 83], [-300, 750, 0, 83], [-300, 1500, 0, 83], [-377, 2225, 818, 0], [-570, 5027, 3581, 1]]","[[300, 1, 1, 83], [300, 755, 1, 83], [300, 1505, 1, 83], [341, 3676, 2202, 0], [269, 1997, 383, 0]]"
1765545781.71462,"[[-300, 5, 0, 84], [-300, 750, 0, 84], [-300, 1500, 0, 84], [-376, 2221, 818, 0], [-570, 5029, 3581, 0]]","[[300, 1, 1, 84], [300, 755, 1, 84], [300, 1505, 1, 84], [337, 3677, 2202, 0], [250, 1962, 383, 0]]"
1765545781.779037,"[[-300, 5, 0, 85], [-300, 750, 0, 85], [-300, 1500, 0, 85], [-378, 2224, 818, 0], [-571, 5031, 3581, 0]]","[[300, 1, 1, 85], [300, 755, 1, 85], [300, 1505, 1, 85], [341, 3676, 2202, 0], [269, 1997, 383, 0]]"
1765545781.8518097,"[[-300, 5, 0, 86], [-300, 750, 0, 86], [-300, 1500, 0, 86], [-377, 2223, 818, 0], [-570, 5028, 3581, 0]]","[[300, 1, 1, 86], [300, 755, 1, 86], [300, 1505, 1, 86], [337, 3676, 2202, 0], [269, 1997, 383, 0]]"
1765545781.9199145,"[[-300, 5, 0, 87], [-300, 750, 0, 87], [-300, 1500, 0, 87], [-377, 2222, 818, 0], [-571, 5032, 3581, 0]]","[[300, 1, 1, 87], [300, 755, 1, 87], [300, 1505, 1, 87], [337, 3677, 2202, 0], [247, 1958, 383, 0]]"
1765545781.9844546,"[[-300, 5, 0, 88], [-300, 750, 0, 88], [-300, 1500, 0, 88], [-378, 2224, 818, 0], [-570, 5029, 3581, 0]]","[[300, 1, 1, 88], [300, 755, 1, 88], [300, 1505, 1, 88], [341, 3676, 2202, 0], [272, 2004, 383, 0]]"
1765545782.0562735,"[[-300, 5, 0, 89], [-300, 750, 0, 89], [-300, 1500, 0, 89], [-378, 2224, 818, 0], [-570, 5026, 3581, 0]]","[[300, 1, 1, 89], [300, 755, 1, 89], [300, 1505, 1, 89], [341, 3677, 2202, 0], [248, 1959, 383, 0]]"
1765545782.1230392,"[[-300, 5, 0, 90], [-300, 750, 0, 90], [-300, 1500, 0, 90], [-379, 2226, 818, 0], [-570, 5026, 3581, 1]]","[[300, 1, 1, 90], [300, 755, 1, 90], [300, 1505, 1, 90], [341, 3676, 2202, 0], [269, 1997, 383, 0]]"
1765545782.186179,"[[-300, 5, 0, 91], [-300, 750, 0, 91], [-300, 1500, 0, 91], [-378, 2224, 818, 0], [-570, 5027, 3581, 0]]","[[300, 1, 1, 91], [300, 755, 1, 91], [300, 1505, 1, 91], [337, 3676, 2202, 0], [269, 1997, 383, 0]]"
1765545782.2581332,"[[-300, 5, 0, 92], [-300, 750, 0, 92], [-300, 1500, 0, 92], [-378, 2226, 818, 0], [-570, 5028, 3581, 0]]","[[300, 1, 1, 92], [300, 755, 1, 92], [300, 1505, 1, 92], [337, 3677, 2202, 0], [269, 1997, 383, 0]]"
1765545782.3269129,"[[-300, 5, 0, 93], [-300, 750, 0, 93], [-300, 1500, 0, 93], [-378, 2224, 818, 0], [-571, 5031, 3581, 0]]","[[300, 1, 1, 93], [300, 755, 1, 93], [300, 1505, 1, 93], [341, 3676, 2202, 0], [269, 1998, 383, 0]]"
1765545782.3907735,"[[-300, 5, 0, 94], [-300, 750, 0, 94], [-300, 1500, 0, 94], [-378, 2224, 818, 0], [-571, 5033, 3581, 0]]","[[300, 1, 1, 94], [300, 755, 1, 94], [300, 1505, 1, 94], [337, 3676, 2202, 0], [272, 2004, 383, 0]]"
1765545782.4550288,"[[-300, 5, 0, 95], [-300, 750, 0, 95], [-300, 1500, 0, 95], [-378, 2225, 818, 0], [-570, 5029, 3581, 0]]","[[300, 1, 1, 95], [300, 755, 1, 95], [300, 1505, 1, 95], [337, 3676, 2202, 0], [265, 1991, 383, 0]]"
1765545782.5280337,"[[-300, 5, 0, 96], [-300, 750, 0, 96], [-300, 1500, 0, 96], [-378, 2225, 818, 0], [-570, 5028, 3581, 0]]","[[300, 1, 1, 96], [300, 755, 1, 96], [300, 1505, 1, 96], [337, 3677, 2202, 0], [250, 1962, 383, 0]]"
1765545782.5967076,"[[-300, 5, 0, 97], [-300, 750, 0, 97], [-300, 1500, 0, 97], [-377, 2222, 818, 0], [-570, 5030, 3581, 0]]","[[300, 1, 1, 97], [300, 755, 1, 97], [300, 1505, 1, 97], [337, 3677, 2202, 0], [265, 1991, 383, 0]]"
1765545782.6613965,"[[-300, 5, 0, 98], [-300, 750, 0, 98], [-300, 1500, 0, 98], [-378, 2225, 818, 0], [-570, 5029, 3581, 0]]","[[300, 1, 1, 98], [300, 755, 1, 98], [300, 1505, 1, 98], [337, 3678, 2202, 0], [268, 1996, 383, 0]]"
1765545782.7339444,"[[-300, 5, 0, 99], [-300, 750, 0, 99], [-300, 1500, 0, 99], [-377, 2222, 818, 0], [-570, 5030, 3581, 0]]","[[300, 1, 1, 99], [300, 755, 1, 99], [300, 1505, 1, 99], [337, 3676, 2202, 0], [271, 2002, 383, 0]]"
1765545782.8001547,"[[-300, 5, 0, 100], [-300, 750, 0, 100], [-300, 1500, 0, 100], [-378, 2224, 818, 0], [-570, 5024, 3581, 0]]","[[300, 1, 1, 100], [300, 755, 1, 100], [300, 1505, 1, 100], [341, 3677, 2202, 0], [272, 2004, 383, 0]]"
1765545782.8650632,"[[-300, 5, 0, 101], [-300, 750, 0, 101], [-300, 1500, 0, 101], [-376, 2221, 818, 0], [-570, 5024, 3581, 0]]","[[300, 1, 1, 101], [300, 755, 1, 101], [300, 1505, 1, 101], [340, 3675, 2202, 0], [265, 1990, 383, 0]]"
1765545782.9292305,"[[-300, 5, 0, 102], [-300, 750, 0, 102], [-300, 1500, 0, 102], [-378, 2224, 818, 0], [-570, 5028, 3581, 0]]","[[300, 1, 1, 102], [300, 755, 1, 102], [300, 1505, 1, 102], [337, 3676, 2202, 0], [253, 1967, 383, 0]]"
1765545783.0013409,"[[-300, 5, 0, 103], [-300, 750, 0, 103], [-300, 1500, 0, 103], [-378, 2224, 818, 0], [-571, 5032, 3581, 0]]","[[300, 1, 1, 103], [300, 755, 1, 103], [300, 1505, 1, 103], [337, 3676, 2202, 0], [269, 1997, 383, 0]]"
1765545783.0687127,"[[-300, 5, 0, 104], [-300, 750, 0, 104], [-300, 1500, 0, 104], [-376, 2220, 818, 0], [-570, 5029, 3581, 0]]","[[300, 1, 1, 104], [300, 755, 1, 104], [300, 1505, 1, 104], [337, 3677, 2202, 0], [246, 1956, 383, 0]]"
1765545783.132994,"[[-300, 5, 0, 105], [-300, 750, 0, 105], [-300, 1500, 0, 105], [-378, 2225, 818, 0], [-570, 5029, 3581, 0]]","[[300, 1, 1, 105], [300, 755, 1, 105], [300, 1505, 1, 105], [337, 3677, 2202, 0], [268, 1996, 383, 0]]"
1765545783.2053154,"[[-300, 5, 0, 106], [-300, 750, 0, 106], [-300, 1500, 0, 106], [-378, 2224, 818, 0], [-570, 5026, 3581, 0]]","[[300, 1, 1, 106], [300, 755, 1, 106], [300, 1505, 1, 106], [337, 3677, 2202, 0], [272, 2003, 383, 0]]"
1765545783.2724042,"[[-300, 5, 0, 107], [-300, 750, 0, 107], [-300, 1500, 0, 107], [-375, 2219, 818, 0], [-571, 5032, 3581, 0]]","[[300, 1, 1, 107], [300, 755, 1, 107], [300, 1505, 1, 107], [341, 3676, 2202, 0], [269, 1997, 383, 0]]"
1765545783.3357153,"[[-300, 5, 0, 108], [-300, 750, 0, 108], [-300, 1500, 0, 108], [-379, 2227, 818, 0], [-570, 5029, 3581, 0]]","[[300, 1, 1, 108], [300, 755, 1, 108], [300, 1505, 1, 108], [337, 3676, 2202, 0], [250, 1962, 383, 0]]"
1765545783.4080658,"[[-300, 5, 0, 109], [-300, 750, 0, 109], [-300, 1500, 0, 109], [-377, 2222, 818, 0], [-570, 5028, 3581, 0]]","[[300, 1, 1, 109], [300, 755, 1, 109], [300, 1505, 1, 109], [337, 3676, 2202, 0], [269, 1997, 383, 0]]"
1765545783.4765394,"[[-300, 5, 0, 110], [-300, 750, 0, 110], [-300, 1500, 0, 110], [-378, 2224, 818, 0], [-570, 5027, 3581, 0]]","[[300, 1, 1, 110], [300, 755, 1, 110], [300, 1505, 1, 110], [341, 3677, 2202, 0], [247, 1958, 383, 0]]"
1765545783.5388706,"[[-300, 5, 0, 111], [-300, 750, 0, 111], [-300, 1500, 0, 111], [-376, 2220, 818, 0], [-571, 5032, 3581, 0]]","[[300, 1, 1, 111], [300, 755, 1, 111], [300, 1505, 1, 111], [337, 3677, 2202, 0], [265, 1991, 383, 0]]"
1765545783.609399,"[[-300, 5, 0, 112], [-300, 750, 0, 112], [-300, 1500, 0, 112], [-376, 2220, 818, 0], [-570, 5030, 3581, 0]]","[[300, 1, 1, 112], [300, 755, 1, 112], [300, 1505, 1, 112], [341, 3676, 2202, 0], [268, 1996, 383, 0]]"
1765545783.6760757,"[[-300, 5, 0, 113], [-300, 750, 0, 113], [-300, 1500, 0, 113], [-377, 2222, 818, 0], [-570, 5029, 3581, 0]]","[[300, 1, 1, 113], [300, 755, 1, 113], [300, 1505, 1, 113], [337, 3677, 2202, 0], [254, 1970, 383, 0]]"
1765545783.7400799,"[[-300, 5, 0, 114], [-300, 750, 0, 114], [-300, 1500, 0, 114], [-376, 2221, 818, 0], [-570, 5030, 3581, 0]]","[[300, 1, 1, 114], [300, 755, 1, 114], [300, 1505, 1, 114], [341, 3676, 2202, 0], [265, 1991, 383, 0]]"
1765545783.81103,"[[-300, 5, 0, 115], [-300, 750, 0, 115], [-300, 1500, 0, 115], [-378, 2224, 818, 0], [-570, 5026, 3581, 0]]","[[300, 1, 1, 115], [300, 755, 1, 115], [300, 1505, 1, 115], [340, 3675, 2202, 0], [264, 1989, 383, 0]]"
1765545783.8776283,"[[-300, 5, 0, 116], [-300, 750, 0, 116], [-300, 1500, 0, 116], [-377, 2223, 818, 0], [-571, 5031, 3581, 0]]","[[300, 1, 1, 116], [300, 755, 1, 116], [300, 1505, 1, 116], [340, 3675, 2202, 0], [269, 1997, 383, 0]]"
1765545783.942121,"[[-300, 5, 0, 117], [-300, 750, 0, 117], [-300, 1500, 0, 117], [-378, 2224, 818, 0], [-570, 5028, 3581, 0]]","[[300, 1, 1, 117], [300, 755, 1, 117], [300, 1505, 1, 117], [341, 3676, 2202, 0], [265, 1991, 383, 0]]"
1765545784.0058594,"[[-300, 5, 0, 118], [-300, 750, 0, 118], [-300, 1500, 0, 118], [-377, 2223, 818, 0], [-571, 5031, 3581, 0]]","[[300, 1, 1, 118], [300, 755, 1, 118], [300, 1505, 1, 118], [337, 3676, 2202, 0], [271, 2002, 383, 0]]"
1765545784.0734544,"[[-300, 5, 0, 119], [-300, 750, 0, 119], [-300, 1500, 0, 119], [-378, 2225, 818, 0], [-571, 5032, 3581, 0]]","[[300, 1, 1, 119], [300, 755, 1, 119], [300, 1505, 1, 119], [337, 3678, 2202, 0], [250, 1962, 383, 0]]"
1765545784.1409874,"[[-300, 5, 0, 120], [-300, 750, 0, 120], [-300, 1500, 0, 120], [-376, 2221, 818, 0], [-570, 5027, 3581, 0]]","[[300, 1, 1, 120], [300, 755, 1, 120], [300, 1505, 1, 120], [337, 3676, 2202, 0], [266, 1992, 383, 0]]"
1765545784.2044308,"[[-300, 5, 0, 121], [-300, 750, 0, 121], [-300, 1500, 0, 121], [-377, 2223, 818, 0], [-570, 5030, 3581, 0]]","[[300, 1, 1, 121], [300, 755, 1, 121], [300, 1505, 1, 121], [337, 3677, 2202, 0], [272, 2004, 383, 0]]"
1765545784.2754567,"[[-300, 5, 0, 122], [-300, 750, 0, 122], [-300, 1500, 0, 122], [-376, 2221, 818, 0], [-570, 5028, 3581, 0]]","[[300, 1, 1, 122], [300, 755, 1, 122], [300, 1505, 1, 122], [337, 3679, 2202, 0], [250, 1962, 383, 0]]"
1765545784.3406925,"[[-300, 5, 0, 123], [-300, 750, 0, 123], [-300, 1500, 0, 123], [-377, 2222, 818, 0], [-571, 5031, 3581, 0]]","[[300, 1, 1, 123], [300, 755, 1, 123], [300, 1505, 1, 123], [337, 3677, 2202, 0], [266, 1992, 383, 0]]"
1765545784.4037886,"[[-300, 5, 0, 124], [-300, 750, 0, 124], [-300, 1500, 0, 124], [-378, 2225, 818, 0], [-570, 5030, 3581, 0]]","[[300, 1, 1, 124], [300, 755, 1, 124], [300, 1505, 1, 124], [337, 3676, 2202, 0], [271, 2002, 383, 0]]"
1765545784.4751008,"[[-300, 5, 0, 125], [-300, 750, 0, 125], [-300, 1500, 0, 125], [-377, 2222, 818, 0], [-570, 5028, 3581, 0]]","[[300, 1, 1, 125], [300, 755, 1, 125], [300, 1505, 1, 125], [341, 3676, 2202, 0], [246, 1956, 383, 0]]"
1765545784.5411563,"[[-300, 5, 0, 126], [-300, 750, 0, 126], [-300, 1500, 0, 126], [-377, 2222, 818, 0], [-570, 5028, 3581, 0]]","[[300, 1, 1, 126], [300, 755, 1, 126], [300, 1505, 1, 126], [337, 3677, 2202, 0], [268, 1996, 383, 0]]"
1765545784.6042697,"[[-300, 5, 0, 127], [-300, 750, 0, 127], [-300, 1500, 0, 127], [-377, 2223, 818, 0], [-570, 5030, 3581, 0]]","[[300, 1, 1, 127], [300, 755, 1, 127], [300, 1505, 1, 127], [341, 3677, 2202, 0], [264, 1989, 383, 0]]"
1765545784.6743393,"[[-300, 5, 0, 128], [-300, 750, 0, 128], [-300, 1500, 0, 128], [-378, 2225, 818, 0], [-571, 5031, 3581, 0]]","[[300, 1, 1, 128], [300, 755, 1, 128], [300, 1505, 1, 128], [340, 3675, 2202, 0], [268, 1996, 383, 0]]"
1765545784.7403533,"[[-300, 5, 0, 129], [-300, 750, 0, 129], [-300, 1500, 0, 129], [-377, 2223, 818, 0], [-570, 5030, 3581, 0]]","[[300, 1, 1, 129], [300, 755, 1, 129], [300, 1505, 1, 129], [337, 3677, 2202, 0], [251, 1964, 383, 0]]"
1765545784.8023274,"[[-300, 5, 0, 130], [-300, 750, 0, 130], [-300, 1500, 0, 130], [-378, 2225, 818, 0], [-571, 5031, 3581, 0]]","[[300, 1, 1, 130], [300, 755, 1, 130], [300, 1505, 1, 130], [337, 3677, 2202, 0], [266, 1992, 383, 0]]"
1765545784.8739002,"[[-300, 5, 0, 131], [-300, 750, 0, 131], [-300, 1500, 0, 131], [-377, 2222, 818, 0], [-570, 5028, 3581, 0]]","[[300, 1, 1, 131], [300, 755, 1, 131], [300, 1505, 1, 131], [337, 3676, 2202, 0], [268, 1996, 383, 0]]"
1765545784.939949,"[[-300, 5, 0, 132], [-300, 750, 0, 132], [-300, 1500, 0, 132], [-378, 2224, 818, 0], [-571, 5032, 3581, 0]]","[[300, 1, 1, 132], [300, 755, 1, 132], [300, 1505, 1, 132], [340, 3675, 2202, 0], [278, 2015, 383, 0]]"
1765545785.0043879,"[[-300, 5, 0, 133], [-300, 750, 0, 133], [-300, 1500, 0, 133], [-375, 2219, 818, 0], [-571, 5032, 3581, 0]]","[[300, 1, 1, 133], [300, 755, 1, 133], [300, 1505, 1, 133], [337, 3676, 2202, 0], [252, 1966, 383, 0]]"
1765545785.066034,"[[-300, 5, 0, 134], [-300, 750, 0, 134], [-300, 1500, 0, 134], [-378, 2224, 818, 0], [-571, 5032, 3581, 0]]","[[300, 1, 1, 134], [300, 755, 1, 134], [300, 1505, 1, 134], [341, 3676, 2202, 0], [249, 1960, 383, 0]]"
1765545785.1338012,"[[-300, 5, 0, 135], [-300, 750, 0, 135], [-300, 1500, 0, 135], [-378, 2225, 818, 0], [-571, 5034, 3581, 0]]","[[300, 1, 1, 135], [300, 755, 1, 135], [300, 1505, 1, 135], [341, 3677, 2202, 0], [269, 1997, 383, 0]]"
1765545785.2011766,"[[-300, 5, 0, 136], [-300, 750, 0, 136], [-300, 1500, 0, 136], [-376, 2221, 818, 0], [-570, 5028, 3581, 0]]","[[300, 1, 1, 136], [300, 755, 1, 136], [300, 1505, 1, 136], [337, 3676, 2202, 0], [269, 1997, 383, 0]]"
1765545785.2633932,"[[-300, 5, 0, 137], [-300, 750, 0, 137], [-300, 1500, 0, 137], [-378, 2224, 818, 0], [-570, 5030, 3581, 0]]","[[300, 1, 1, 137], [300, 755, 1, 137], [300, 1505, 1, 137], [337, 3676, 2202, 0], [268, 1996, 383, 0]]"
1765545785.3337574,"[[-300, 5, 0, 138], [-300, 750, 0, 138], [-300, 1500, 0, 138], [-378, 2225, 818, 0], [-570, 5030, 3581, 0]]","[[300, 1, 1, 138], [300, 755, 1, 138], [300, 1505, 1, 138], [341, 3676, 2202, 0], [275, 2009, 383, 0]]"
1765545785.3959851,"[[-300, 5, 0, 139], [-300, 750, 0, 139], [-300, 1500, 0, 139], [-377, 2223, 818, 0], [-570, 5030, 3581, 0]]","[[300, 1, 1, 139], [300, 755, 1, 139], [300, 1505, 1, 139], [340, 3675, 2202, 0], [272, 2003, 383, 0]]"
1765545785.4603126,"[[-300, 5, 0, 140], [-300, 750, 0, 140], [-300, 1500, 0, 140], [-377, 2223, 818, 0], [-571, 5031, 3581, 0]]","[[300, 1, 1, 140], [300, 755, 1, 140], [300, 1505, 1, 140], [337, 3676, 2202, 0], [265, 1991, 383, 0]]"
1765545785.5334704,"[[-300, 5, 0, 141], [-300, 750, 0, 141], [-299, 1500, 0, 141], [-377, 2222, 818, 0], [-570, 5027, 3581, 0]]","[[299, 0, 1, 141], [299, 754, 1, 141], [300, 1504, 1, 141], [340, 3675, 2202, 0], [267, 1995, 383, 0]]"
1765545785.6005483,"[[-300, 744, 0, 142], [-299, 1494, 0, 142], [-377, 2223, 818, 0], [-570, 5021, 3581, 1]]","[[299, 748, 1, 142], [300, 1498, 1, 142], [337, 3676, 2202, 0], [250, 1963, 383, 0]]"
1765545785.6632233,"[[-300, 732, 0, 143], [-299, 1482, 0, 143], [-381, 2230, 818, 0], [-570, 5025, 3581, 0]]","[[299, 736, 1, 143], [300, 1486, 1, 143], [341, 3677, 2202, 0], [287, 2032, 383, 0]]"
1765545785.7260957,"[[-300, 714, 0, 144], [-299, 1464, 0, 144], [-386, 2241, 818, 0], [-573, 5042, 3581, 0]]","[[299, 718, 1, 144], [300, 1468, 1, 144], [341, 3659, 2202, 1], [384, 2205, 383, 0]]"
1765545785.7966378,"[[-300, 690, 0, 145], [-299, 1440, 0, 145], [-386, 2241, 818, 0], [-540, 4842, 3581, 0]]","[[299, 694, 1, 145], [300, 1444, 1, 145], [341, 3635, 2202, 2], [375, 2194, 383, 0], [210, 2987, 1659, 0]]"
1765545785.8610008,"[[-300, 661, 0, 146], [-299, 1411, 0, 146], [-386, 2240, 818, 0], [-540, 4813, 3581, 1]]","[[299, 665, 1, 146], [300, 1415, 1, 146], [341, 3606, 2202, 3], [365, 2176, 383, 0], [198, 2765, 1659, 0]]"
1765545785.9230623,"[[-300, 637, 0, 147], [-299, 1387, 0, 147], [-378, 2217, 818, 0], [-540, 4789, 3581, 2]]","[[299, 641, 1, 147], [300, 1391, 1, 147], [333, 3628, 2202, 0], [365, 2175, 383, 0], [198, 2741, 1659, 1]]"
1765545785.9950018,"[[-300, 602, 0, 148], [-299, 1352, 0, 148], [-378, 2182, 818, 1], [-564, 4955, 3581, 0]]","[[299, 606, 1, 148], [300, 1356, 1, 148], [268, 3396, 2202, 0], [356, 2159, 383, 0], [198, 2706, 1659, 2]]"
1765545786.0590353,"[[-300, 573, 0, 149], [-299, 1323, 0, 149], [-378, 2153, 818, 2], [-565, 4924, 3581, 0]]","[[299, 577, 1, 149], [300, 1327, 1, 149], [326, 3583, 2202, 0], [348, 2143, 383, 0], [182, 2787, 1659, 0]]"
1765545786.122061,"[[-300, 538, 0, 150], [-299, 1288, 0, 150], [-378, 2118, 818, 3], [-566, 4896, 3581, 0]]","[[299, 542, 1, 150], [300, 1292, 1, 150], [326, 3548, 2202, 1], [337, 2124, 383, 0], [214, 2999, 1659, 0]]"
1765545786.193012,"[[-300, 503, 0, 151], [-299, 1253, 0, 151], [-378, 2083, 818, 4], [-566, 4861, 3581, 1]]","[[299, 507, 1, 151], [300, 1257, 1, 151], [326, 3516, 2202, 0], [337, 2089, 383, 1], [214, 2964, 1659, 1]]"
1765545786.2611692,"[[-300, 462, 0, 152], [-299, 1212, 0, 152], [-378, 2042, 818, 5], [-563, 4846, 3581, 0]]","[[299, 466, 1, 152], [300, 1216, 1, 152], [157, 3383, 2202, 0], [321, 2089, 383, 0], [214, 2923, 1659, 2]]"
1765545786.3208227,"[[-300, 427, 0, 153], [-299, 1177, 0, 153], [-378, 2007, 818, 6], [-561, 4799, 3581, 0]]","[[299, 431, 1, 153], [300, 1181, 1, 153], [325, 3449, 2202, 0], [321, 2054, 383, 1], [188, 2744, 1659, 0]]"
1765545786.3894036,"[[-300, 392, 0, 154], [-299, 1142, 0, 154], [-378, 1972, 818, 7], [-560, 4761, 3581, 0]]","[[299, 396, 1, 154], [300, 1146, 1, 154], [322, 3415, 2202, 0], [321, 2019, 383, 2], [188, 2709, 1659, 1]]"
1765545786.453206,"[[-300, 345, 0, 155], [-299, 1095, 0, 155], [-378, 1925, 818, 8], [-560, 4714, 3581, 1]]","[[299, 349, 1, 155], [300, 1099, 1, 155], [322, 3374, 2202, 0], [321, 1972, 383, 3], [167, 2570, 1659, 0]]"
1765545786.5131018,"[[-300, 310, 0, 156], [-299, 1060, 0, 156], [-378, 1890, 818, 9], [-560, 4679, 3581, 2]]","[[299, 314, 1, 156], [300, 1064, 1, 156], [322, 3339, 2202, 1], [321, 1937, 383, 4], [167, 2535, 1659, 1]]"
1765545786.5830996,"[[-300, 263, 0, 157], [-299, 1013, 0, 157], [-378, 1843, 818, 10], [-560, 4632, 3581, 3]]","[[299, 267, 1, 157], [300, 1017, 1, 157], [320, 3294, 2202, 0], [321, 1890, 383, 5], [167, 2488, 1659, 2], [116, 2211, 826, 0]]"
1765545786.6454172,"[[-300, 228, 0, 158], [-299, 978, 0, 158], [-378, 1808, 818, 11], [-560, 4597, 3581, 4]]","[[299, 232, 1, 158], [300, 982, 1, 158], [319, 3257, 2202, 0], [321, 1855, 383, 6], [167, 2453, 1659, 3], [123, 2239, 826, 0]]"
1765545786.70716,"[[-300, 181, 0, 159], [-299, 931, 0, 159], [-378, 1761, 818, 12], [-554, 4573, 3581, 0]]","[[299, 185, 1, 159], [300, 935, 1, 159], [319, 3210, 2202, 1], [321, 1808, 383, 7], [167, 2406, 1659, 4], [124, 2233, 826, 0], [129, 2909, 1472, 0]]"
1765545786.7772403,"[[-300, 140, 0, 160], [-299, 890, 0, 160], [-378, 1720, 818, 13], [-549, 4546, 3581, 0]]","[[299, 144, 1, 160], [300, 894, 1, 160], [319, 3169, 2202, 2], [321, 1767, 383, 8], [193, 2607, 1659, 0], [124, 2192, 826, 1], [129, 2868, 1472, 1]]"
1765545786.8469381,"[[-300, 99, 0, 161], [-299, 849, 0, 161], [-378, 1679, 818, 14], [-549, 4505, 3581, 1]]","[[299, 103, 1, 161], [300, 853, 1, 161], [274, 3025, 2202, 0], [321, 1726, 383, 9], [193, 2566, 1659, 1], [124, 2151, 826, 2], [129, 2827, 1472, 2]]"
1765545786.913085,"[[-300, 58, 0, 162], [-299, 808, 0, 162], [-378, 1638, 818, 15], [-549, 4464, 3581, 2]]","[[299, 62, 1, 162], [300, 812, 1, 162], [323, 3083, 2202, 0], [321, 1685, 383, 10], [193, 2525, 1659, 2], [124, 2110, 826, 3], [129, 2786, 1472, 3]]"
1765545786.9888299,"[[-300, 17, 0, 163], [-299, 767, 0, 163], [-378, 1597, 818, 16], [-549, 4423, 3581, 3]]","[[299, 21, 1, 163], [300, 771, 1, 163], [324, 3039, 2202, 0], [321, 1644, 383, 11], [193, 2484, 1659, 3], [124, 2069, 826, 4], [129, 2745, 1472, 4]]"
1765545787.057552,"[[-299, 726, 0, 164], [-378, 1556, 818, 17], [-549, 4382, 3581, 4]]","[[300, 730, 1, 164], [324, 2998, 2202, 1], [321, 1603, 383, 12], [82, 2321, 1659, 0]]"
1765545787.1252773,"[[-299, 679, 0, 165], [-378, 1509, 818, 18]]","[[300, 683, 1, 165], [143, 2936, 2202, 0], [321, 1556, 383, 13], [82, 2274, 1659, 1]]"
1765545787.1983008,"[[-299, 621, 0, 166], [-378, 1451, 818, 19]]","[[300, 625, 1, 166], [318, 2917, 2202, 0], [321, 1498, 383, 14], [82, 2216, 1659, 2]]"
1765545787.2670343,"[[-299, 580, 0, 167], [-378, 1410, 818, 20]]","[[300, 584, 1, 167], [135, 2792, 2202, 0], [321, 1457, 383, 15], [82, 2175, 1659, 3], [69, 1833, 484, 0]]"
1765545787.3296325,"[[-299, 533, 0, 168], [-378, 1363, 818, 21], [-536, 4195, 2802, 0]]","[[300, 537, 1, 168], [324, 2832, 2202, 0], [321, 1410, 383, 16], [82, 2128, 1659, 4], [50, 1735, 484, 0]]"
1765545787.4002345,"[[-299, 492, 0, 169], [-378, 1322, 818, 22], [-537, 4155, 2802, 0]]","[[300, 496, 1, 169], [325, 2788, 2202, 0], [321, 1369, 383, 17], [114, 2013, 1659, 0], [50, 1694, 484, 1]]"
1765545787.4681613,"[[-298, 451, 0, 170], [-377, 1281, 818, 23], [-537, 4114, 2802, 1]]","[[300, 455, 1, 170], [328, 2749, 2202, 0], [321, 1328, 383, 18], [113, 1972, 1659, 1], [49, 1653, 484, 2]]"
1765545787.531799,"[[-298, 404, 0, 171], [-377, 1234, 818, 24], [-537, 4067, 2802, 2]]","[[300, 408, 1, 171], [352, 2799, 2202, 0], [321, 1281, 383, 19], [113, 1925, 1659, 2], [49, 1606, 484, 3]]"
1765545787.600735,"[[-298, 369, 0, 172], [-377, 1199, 818, 25], [-537, 4032, 2802, 3]]","[[300, 373, 1, 172], [368, 2821, 2202, 0], [321, 1246, 383, 20], [113, 1890, 1659, 3], [49, 1571, 484, 4]]"
1765545787.6652398,"[[-298, 328, 0, 173], [-377, 1158, 818, 26], [-537, 3991, 2802, 4]]","[[300, 332, 1, 173], [378, 2748, 2202, 0], [321, 1205, 383, 21], [113, 1849, 1659, 4], [49, 1530, 484, 5]]"
1765545787.7253544,"[[-298, 293, 0, 174], [-377, 1123, 818, 27]]","[[300, 297, 1, 174], [379, 2624, 2202, 0], [321, 1170, 383, 22], [49, 1495, 484, 6]]"
1765545787.795353,"[[-298, 252, 0, 175], [-377, 1082, 818, 28]]","[[300, 256, 1, 175], [380, 2525, 2202, 0], [321, 1129, 383, 23], [49, 1454, 484, 7]]"
1765545787.8600695,"[[-298, 217, 0, 176], [-377, 1047, 818, 29]]","[[300, 221, 1, 176], [388, 2463, 2202, 0], [321, 1094, 383, 24], [49, 1419, 484, 8]]"
1765545787.9229243,"[[-298, 199, 0, 177], [-377, 1029, 818, 30], [-399, 3920, 2488, 0]]","[[300, 203, 1, 177], [393, 2420, 2202, 0], [321, 1076, 383, 25], [49, 1401, 484, 9]]"
1765545787.9939754,"[[-298, 147, 0, 178], [-377, 977, 818, 31], [-399, 3868, 2488, 1]]","[[300, 151, 1, 178], [396, 2383, 2202, 0], [321, 1024, 383, 26], [49, 1349, 484, 10]]"
1765545788.06462,"[[-298, 112, 0, 179], [-377, 942, 818, 32], [-399, 3833, 2488, 2], [-362, 2429, 1023, 0]]","[[300, 116, 1, 179], [397, 2337, 2202, 0], [321, 989, 383, 27], [49, 1314, 484, 11]]"
1765545788.1298392,"[[-298, 77, 0, 180], [-377, 907, 818, 33], [-354, 3521, 2488, 0], [-367, 2426, 1023, 0]]","[[300, 81, 1, 180], [397, 2302, 2202, 1], [321, 954, 383, 28], [49, 1279, 484, 12]]"
1765545788.19637,"[[-298, 42, 0, 181], [-377, 872, 818, 34], [-357, 3784, 2488, 0], [-365, 2415, 1023, 0]]","[[300, 46, 1, 181], [406, 2248, 2202, 0], [321, 919, 383, 29], [49, 1244, 484, 13], [481, 3694, 2295, 0]]"
1765545788.2718182,"[[-298, 13, 0, 182], [-377, 843, 818, 35], [-353, 3754, 2488, 0], [-374, 2407, 1023, 0]]","[[300, 17, 1, 182], [406, 2219, 2202, 1], [321, 890, 383, 30], [49, 1215, 484, 14], [486, 3665, 2295, 0]]"
1765545788.3414106,"[[-377, 814, 818, 36], [-368, 3710, 2488, 0], [-385, 2382, 1023, 0], [-98, 2499, 999, 0]]","[[406, 2190, 2202, 2], [321, 861, 383, 31], [49, 1186, 484, 15], [486, 3636, 2295, 1], [53, 1606, 191, 0]]"
1765545788.406332,"[[-377, 779, 818, 37], [-362, 3672, 2488, 0], [-383, 2361, 1023, 0], [-98, 2464, 999, 1]]","[[263, 1997, 2202, 0], [321, 826, 383, 32], [49, 1151, 484, 16], [486, 3601, 2295, 2], [53, 1571, 191, 1]]"
1765545788.478416,"[[-377, 750, 818, 38], [-351, 3650, 2488, 0], [-369, 2309, 1023, 0], [-98, 2435, 999, 2]]","[[323, 2099, 2202, 0], [321, 797, 383, 33], [49, 1122, 484, 17], [486, 3570, 2295, 0], [53, 1542, 191, 2], [102, 1961, 650, 0]]"
1765545788.5506635,"[[-377, 721, 818, 39], [-344, 3627, 2488, 0], [-367, 2286, 1023, 0], [-98, 2406, 999, 3]]","[[273, 2005, 2202, 0], [321, 768, 383, 34], [49, 1093, 484, 18], [489, 3525, 2295, 0], [53, 1513, 191, 3], [102, 1932, 650, 1]]"
1765545788.617371,"[[-377, 674, 818, 40], [-349, 3593, 2488, 0], [-364, 2232, 1023, 0], [-98, 2359, 999, 4]]","[[277, 2013, 2202, 0], [321, 721, 383, 35], [49, 1046, 484, 19], [491, 3488, 2295, 0], [53, 1466, 191, 4], [102, 1885, 650, 2]]"
1765545788.6893368,"[[-377, 645, 818, 41], [-349, 3564, 2488, 1], [-369, 2209, 1023, 0]]","[[324, 2094, 2202, 0], [321, 692, 383, 36], [49, 1017, 484, 20], [490, 3472, 2295, 0], [53, 1437, 191, 5], [102, 1856, 650, 3]]"
1765545788.7546687,"[[-377, 616, 818, 42], [-349, 3535, 2488, 2], [-369, 2180, 1023, 1]]","[[309, 2067, 2202, 0], [321, 663, 383, 37], [49, 988, 484, 21], [490, 3443, 2295, 1], [53, 1408, 191, 6], [102, 1827, 650, 4], [191, 2263, 745, 0]]"
1765545788.819276,"[[-377, 587, 818, 43], [-349, 3506, 2488, 3], [-369, 2151, 1023, 2]]","[[309, 2038, 2202, 1], [321, 634, 383, 38], [49, 959, 484, 22], [490, 3414, 2295, 2], [53, 1379, 191, 7], [191, 2234, 745, 1]]"
1765545788.8889031,"[[-377, 558, 818, 44], [-349, 3477, 2488, 4], [-369, 2122, 1023, 3]]","[[309, 2009, 2202, 2], [321, 605, 383, 39], [49, 930, 484, 23], [457, 3435, 2295, 0], [53, 1350, 191, 8], [191, 2205, 745, 2]]"
1765545788.9518557,"[[-377, 529, 818, 45], [-369, 2093, 1023, 4]]","[[309, 1980, 2202, 3], [321, 576, 383, 40], [49, 901, 484, 24], [414, 3373, 2295, 0], [53, 1321, 191, 9], [191, 2176, 745, 3]]"
1765545789.0142097,"[[-377, 500, 818, 46], [-369, 2064, 1023, 5]]","[[309, 1951, 2202, 4], [321, 547, 383, 41], [49, 872, 484, 25], [395, 3344, 2295, 0], [53, 1292, 191, 10], [191, 2147, 745, 4]]"
1765545789.085534,"[[-377, 465, 818, 47], [-369, 2029, 1023, 6]]","[[309, 1916, 2202, 5], [321, 512, 383, 42], [49, 837, 484, 26], [392, 3318, 2295, 0], [53, 1257, 191, 11]]"
1765545789.1506605,"[[-377, 436, 818, 48], [-369, 2000, 1023, 7], [-440, 3308, 1925, 0]]","[[309, 1887, 2202, 6], [321, 483, 383, 43], [49, 808, 484, 27], [392, 3289, 2295, 1], [53, 1228, 191, 12]]"
1765545789.2135193,"[[-377, 407, 818, 49], [-368, 1971, 1023, 8], [-436, 3280, 1925, 0], [-112, 1924, 255, 0], [-476, 4674, 3322, 0]]","[[309, 1858, 2202, 7], [320, 454, 383, 44], [48, 779, 484, 28], [303, 2987, 2295, 0], [52, 1199, 191, 13]]"
1765545789.2848945,"[[-377, 383, 818, 50], [-368, 1947, 1023, 9], [-436, 3256, 1925, 1], [-112, 1900, 255, 1], [-476, 4650, 3322, 1]]","[[309, 1834, 2202, 8], [320, 430, 383, 45], [48, 755, 484, 29], [384, 3225, 2295, 0], [52, 1175, 191, 14]]"
1765545789.3493857,"[[-377, 354, 818, 51], [-368, 1918, 1023, 10], [-436, 3227, 1925, 2], [-112, 1871, 255, 2], [-476, 4621, 3322, 2]]","[[309, 1805, 2202, 9], [320, 401, 383, 46], [48, 726, 484, 30], [383, 3206, 2295, 0], [52, 1146, 191, 15]]"
1765545789.4104538,"[[-377, 336, 818, 52], [-368, 1900, 1023, 11], [-436, 3209, 1925, 3], [-112, 1853, 255, 3], [-476, 4603, 3322, 3]]","[[309, 1787, 2202, 10], [320, 383, 383, 47], [48, 708, 484, 31], [383, 3188, 2295, 1], [52, 1128, 191, 16]]"
1765545789.4801,"[[-377, 295, 818, 53], [-368, 1859, 1023, 12], [-436, 3168, 1925, 4], [-112, 1812, 255, 4], [-476, 4562, 3322, 4]]","[[309, 1746, 2202, 11], [320, 342, 383, 48], [48, 667, 484, 32], [383, 3147, 2295, 2], [52, 1087, 191, 17]]"
1765545789.543981,"[[-377, 266, 818, 54], [-367, 1830, 1023, 13]]","[[309, 1717, 2202, 12], [319, 313, 383, 49], [47, 638, 484, 33], [383, 3118, 2295, 3], [51, 1058, 191, 18]]"
1765545789.6053092,"[[-377, 248, 818, 55], [-367, 1812, 1023, 14]]","[[309, 1699, 2202, 13], [319, 295, 383, 50], [47, 620, 484, 34], [321, 3141, 2295, 0], [51, 1040, 191, 19]]"
1765545789.6740718,"[[-377, 219, 818, 56], [-367, 1783, 1023, 15]]","[[309, 1670, 2202, 14], [319, 266, 383, 51], [47, 591, 484, 35], [292, 3094, 2295, 0], [51, 1011, 191, 20]]"
1765545789.7392702,"[[-377, 184, 818, 57], [-367, 1748, 1023, 16]]","[[309, 1635, 2202, 15], [319, 231, 383, 52], [47, 556, 484, 36], [292, 3059, 2295, 1], [51, 976, 191, 21]]"
1765545789.801276,"[[-377, 155, 818, 58], [-367, 1719, 1023, 17]]","[[309, 1606, 2202, 16], [319, 202, 383, 53], [47, 527, 484, 37], [269, 3036, 2295, 0], [51, 947, 191, 22]]"
1765545789.8630893,"[[-377, 126, 818, 59], [-367, 1690, 1023, 18], [-38, 1601, 250, 0]]","[[309, 1577, 2202, 17], [319, 173, 383, 54], [47, 498, 484, 38], [259, 3009, 2295, 0], [51, 918, 191, 23]]"
1765545789.9310706,"[[-377, 91, 818, 60], [-367, 1655, 1023, 19], [-38, 1566, 250, 1], [-406, 2472, 1013, 0]]","[[309, 1542, 2202, 18], [319, 138, 383, 55], [47, 463, 484, 39], [259, 2974, 2295, 1], [51, 883, 191, 24], [46, 2364, 891, 0]]"
1765545789.9941566,"[[-377, 62, 818, 61], [-367, 1626, 1023, 20], [-38, 1537, 250, 2], [-406, 2443, 1013, 1], [-238, 2050, 676, 0]]","[[309, 1513, 2202, 19], [319, 109, 383, 56], [47, 434, 484, 40], [243, 2943, 2295, 0], [51, 854, 191, 25], [46, 2335, 891, 1]]"
1765545790.057489,"[[-377, 27, 818, 62], [-367, 1591, 1023, 21], [-38, 1502, 250, 3], [-222, 2514, 1013, 0], [-176, 1891, 676, 0]]","[[309, 1478, 2202, 20], [319, 74, 383, 57], [47, 399, 484, 41], [231, 2914, 2295, 0], [51, 819, 191, 26], [46, 2300, 891, 2]]"
1765545790.1281807,"[[-377, -1, 818, 63], [-367, 1562, 1023, 22], [-38, 1473, 250, 4], [-222, 2485, 1013, 1], [-176, 1862, 676, 1]]","[[309, 1449, 2202, 21], [319, 45, 383, 58], [47, 370, 484, 42], [233, 2913, 2295, 0], [51, 790, 191, 27], [46, 2271, 891, 3]]"
1765545790.1983268,"[[-377, -35, 818, 64], [-367, 1527, 1023, 23], [-38, 1438, 250, 5], [-222, 2450, 1013, 2], [-176, 1827, 676, 2]]","[[309, 1414, 2202, 22], [319, 10, 383, 59], [47, 335, 484, 43], [223, 2854, 2295, 0], [51, 755, 191, 28], [46, 2236, 891, 4]]"
1765545790.2622967,"[[-377, -63, 818, 65], [-367, 1498, 1023, 24], [-38, 1409, 250, 6], [-222, 2421, 1013, 3], [-176, 1798, 676, 3]]","[[309, 1385, 2202, 23], [319, -18, 383, 60], [47, 306, 484, 44], [223, 2825, 2295, 0], [51, 726, 191, 29], [104, 4282, 2849, 0]]"
1765545790.3337715,"[[-377, -91, 818, 66], [-367, 1469, 1023, 25], [-38, 1380, 250, 7], [-222, 2392, 1013, 4], [-176, 1769, 676, 4]]","[[309, 1356, 2202, 24], [319, -46, 383, 61], [47, 277, 484, 45], [226, 2795, 2295, 0], [51, 697, 191, 30], [104, 4253, 2849, 1]]"
1765545790.3983586,"[[-377, -125, 818, 67], [-367, 1434, 1023, 26], [-38, 1345, 250, 8], [-129, 1949, 676, 0]]","[[309, 1321, 2202, 25], [319, -80, 383, 62], [47, 242, 484, 46], [217, 2766, 2295, 0], [51, 662, 191, 31], [104, 4218, 2849, 2]]"
1765545790.4599216,"[[-377, -159, 818, 68], [-367, 1399, 1023, 27], [-38, 1310, 250, 9], [-129, 1914, 676, 1]]","[[309, 1286, 2202, 26], [319, -114, 383, 63], [47, 207, 484, 47], [205, 2759, 2295, 0], [51, 627, 191, 32], [104, 4183, 2849, 3]]"
1765545790.5273838,"[[-377, -187, 818, 69], [-367, 1370, 1023, 28], [-38, 1281, 250, 10], [-129, 1885, 676, 2]]","[[309, 1257, 2202, 27], [319, -142, 383, 64], [47, 178, 484, 48], [210, 2748, 2295, 0], [51, 598, 191, 33], [104, 4154, 2849, 4]]"
1765545790.5914285,"[[-377, -221, 818, 70], [-367, 1335, 1023, 29], [-38, 1246, 250, 11], [-129, 1850, 676, 3]]","[[309, 1222, 2202, 28], [319, -176, 383, 65], [47, 143, 484, 49], [214, 2722, 2295, 0], [51, 563, 191, 34]]"
1765545790.6532845,"[[-377, -249, 818, 71], [-367, 1306, 1023, 30], [-38, 1217, 250, 12], [-129, 1821, 676, 4]]","[[309, 1193, 2202, 29], [319, -204, 383, 66], [47, 114, 484, 50], [214, 2693, 2295, 1], [51, 534, 191, 35]]"
1765545790.7230816,"[[-377, -283, 818, 72], [-367, 1271, 1023, 31], [-38, 1182, 250, 13]]","[[309, 1158, 2202, 30], [319, -238, 383, 67], [47, 79, 484, 51], [233, 2633, 2295, 0], [51, 499, 191, 36]]"
1765545790.7863562,"[[-377, -311, 818, 73], [-367, 1242, 1023, 32], [-38, 1153, 250, 14]]","[[309, 1129, 2202, 31], [319, -266, 383, 68], [47, 50, 484, 52], [237, 2599, 2295, 0], [51, 470, 191, 37]]"
1765545790.8488798,"[[-377, -345, 818, 74], [-367, 1207, 1023, 33], [-38, 1118, 250, 15]]","[[309, 1094, 2202, 32], [319, -300, 383, 69], [47, 15, 484, 53], [235, 2567, 2295, 0], [51, 435, 191, 38], [101, 3563, 2227, 0]]"
1765545790.9185824,"[[-377, -373, 818, 75], [-367, 1178, 1023, 34], [-38, 1089, 250, 16]]","[[309, 1065, 2202, 33], [319, -328, 383, 70], [47, -13, 484, 54], [235, 2532, 2295, 0], [51, 406, 191, 39], [101, 3534, 2227, 1]]"
1765545790.983225,"[[-377, -407, 818, 76], [-367, 1143, 1023, 35], [-38, 1054, 250, 17]]","[[309, 1030, 2202, 34], [319, -362, 383, 71], [47, -47, 484, 55], [233, 2502, 2295, 0], [51, 371, 191, 40], [101, 3499, 2227, 2], [93, 3970, 2505, 0]]"
1765545791.0448747,"[[-376, -441, 818, 77], [-366, 1108, 1023, 36], [-37, 1019, 250, 18]]","[[309, 995, 2202, 35], [319, -396, 383, 72], [47, -81, 484, 56], [232, 2467, 2295, 1], [51, 336, 191, 41], [98, 3510, 2227, 0], [92, 3935, 2505, 1]]"
1765545791.1146111,"[[-376, -475, 818, 78], [-366, 1073, 1023, 37], [-37, 984, 250, 19]]","[[309, 960, 2202, 36], [319, -430, 383, 73], [47, -115, 484, 57], [234, 2450, 2295, 0], [51, 301, 191, 42], [98, 3475, 2227, 1], [92, 3900, 2505, 2]]"
1765545791.180585,"[[-376, -509, 818, 79], [-366, 1038, 1023, 38], [-37, 949, 250, 20]]","[[309, 925, 2202, 37], [319, -464, 383, 74], [47, -149, 484, 58], [242, 2448, 2295, 0], [51, 266, 191, 43], [98, 3440, 2227, 2], [92, 3865, 2505, 3]]"
1765545791.2421844,"[[-376, -537, 818, 80], [-366, 1009, 1023, 39], [-37, 920, 250, 21]]","[[309, 896, 2202, 38], [319, -492, 383, 75], [47, -177, 484, 59], [154, 2184, 2295, 0], [51, 237, 191, 44], [98, 3411, 2227, 3], [92, 3836, 2505, 4]]"
1765545791.3126395,"[[-376, -565, 818, 81], [-366, 980, 1023, 40], [-37, 891, 250, 22], [-1108, 4874, 3573, 0]]","[[309, 867, 2202, 39], [319, -520, 383, 76], [47, -205, 484, 60], [261, 2352, 2295, 0], [51, 208, 191, 45], [98, 3382, 2227, 4]]"
1765545791.3769047,"[[-376, -599, 818, 82], [-366, 945, 1023, 41], [-37, 856, 250, 23], [-1108, 4839, 3573, 1]]","[[309, 832, 2202, 40], [319, -554, 383, 77], [47, -239, 484, 61], [261, 2317, 2295, 1], [51, 173, 191, 46]]"
1765545791.4372563,"[[-376, -627, 818, 83], [-366, 916, 1023, 42], [-37, 827, 250, 24], [-1108, 4810, 3573, 2]]","[[309, 803, 2202, 41], [319, -582, 383, 78], [47, -267, 484, 62], [222, 2211, 2295, 0], [51, 144, 191, 47]]"
1765545791.5069985,"[[-376, -655, 818, 84], [-366, 887, 1023, 43], [-37, 798, 250, 25], [-1108, 4781, 3573, 3]]","[[309, 774, 2202, 42], [319, -610, 383, 79], [47, -295, 484, 63], [231, 2209, 2295, 0], [51, 115, 191, 48]]"
1765545791.576634,"[[-376, -689, 818, 85], [-366, 852, 1023, 44], [-37, 763, 250, 26], [-1108, 4746, 3573, 4], [-629, 3552, 2162, 0]]","[[309, 739, 2202, 43], [319, -644, 383, 80], [47, -329, 484, 64], [279, 2200, 2295, 0], [51, 80, 191, 49], [237, 3660, 2199, 0]]"
1765545791.6407743,"[[-376, -717, 818, 86], [-366, 823, 1023, 45], [-37, 734, 250, 27], [-586, 3526, 2162, 0]]","[[309, 710, 2202, 44], [319, -672, 383, 81], [47, -357, 484, 65], [272, 2172, 2295, 0], [51, 51, 191, 50], [247, 3621, 2199, 0]]"
1765545791.7026975,"[[-375, -751, 818, 87], [-365, 788, 1023, 46], [-36, 699, 250, 28], [-615, 3495, 2162, 0]]","[[309, 675, 2202, 45], [319, -706, 383, 82], [47, -391, 484, 66], [266, 2149, 2295, 0], [51, 16, 191, 51], [246, 3586, 2199, 1]]"
1765545791.774098,"[[-375, -779, 818, 88], [-365, 759, 1023, 47], [-36, 670, 250, 29], [-607, 3469, 2162, 0]]","[[309, 646, 2202, 46], [319, -734, 383, 83], [47, -419, 484, 67], [266, 2120, 2295, 1], [51, -12, 191, 52], [246, 3557, 2199, 2]]"
1765545791.839837,"[[-375, -813, 818, 89], [-365, 724, 1023, 48], [-36, 635, 250, 30], [-607, 3434, 2162, 1]]","[[309, 611, 2202, 47], [319, -768, 383, 84], [47, -453, 484, 68], [283, 2141, 2295, 0], [51, -46, 191, 53], [246, 3522, 2199, 3]]"
1765545791.902217,"[[-375, -836, 818, 90], [-365, 700, 1023, 49], [-36, 611, 250, 31], [-607, 3410, 2162, 2], [-1001, 4689, 3353, 0]]","[[309, 587, 2202, 48], [319, -791, 383, 85], [47, -476, 484, 69], [250, 2218, 2295, 0], [51, -69, 191, 54], [246, 3498, 2199, 4]]"
1765545791.9699934,"[[-375, -870, 818, 91], [-365, 665, 1023, 50], [-36, 576, 250, 32], [-607, 3375, 2162, 3], [-970, 4682, 3353, 0]]","[[309, 552, 2202, 49], [319, -825, 383, 86], [47, -510, 484, 70], [419, 2332, 2295, 0], [51, -103, 191, 55]]"
1765545792.040948,"[[-375, -893, 818, 92], [-365, 641, 1023, 51], [-36, 552, 250, 33], [-607, 3351, 2162, 4], [-909, 4665, 3353, 0]]","[[309, 528, 2202, 50], [319, -848, 383, 87], [47, -533, 484, 71], [397, 2229, 2295, 0], [51, -126, 191, 56]]"
1765545792.1081347,"[[-375, -927, 818, 93], [-365, 606, 1023, 52], [-36, 517, 250, 34], [-471, 3370, 2162, 0], [-909, 4630, 3353, 1]]","[[309, 493, 2202, 51], [319, -882, 383, 88], [47, -567, 484, 72], [379, 2196, 2295, 0], [51, -160, 191, 57]]"
1765545792.1744778,"[[-375, -955, 818, 94], [-365, 577, 1023, 53], [-36, 488, 250, 35], [-462, 3262, 2162, 0], [-909, 4601, 3353, 2]]","[[309, 464, 2202, 52], [319, -910, 383, 89], [47, -595, 484, 73], [379, 2167, 2295, 1], [51, -188, 191, 58], [380, 3332, 1778, 0]]"
1765545792.24455,"[[-374, -989, 818, 95], [-364, 542, 1023, 54], [-35, 453, 250, 36], [-485, 3323, 2162, 0], [-909, 4566, 3353, 3]]","[[309, 429, 2202, 53], [319, -944, 383, 90], [47, -629, 484, 74], [378, 2132, 2295, 2], [51, -222, 191, 59], [385, 3312, 1778, 0]]"
1765545792.3137178,"[[-374, -1017, 818, 96], [-364, 513, 1023, 55], [-35, 424, 250, 37], [-445, 3290, 2162, 0], [-909, 4537, 3353, 4]]","[[309, 400, 2202, 54], [319, -972, 383, 91], [47, -657, 484, 75], [159, 2233, 2295, 0], [51, -250, 191, 60], [385, 3283, 1778, 1]]"
1765545792.3818831,"[[-374, -1045, 818, 97], [-364, 484, 1023, 56], [-35, 395, 250, 38], [-453, 3284, 2162, 0]]","[[309, 371, 2202, 55], [319, -1000, 383, 92], [47, -685, 484, 76], [159, 2204, 2295, 1], [51, -278, 191, 61], [385, 3254, 1778, 2]]"
1765545792.4481237,"[[-374, -1073, 818, 98], [-364, 455, 1023, 57], [-35, 366, 250, 39], [-433, 3242, 2162, 0]]","[[309, 342, 2202, 56], [319, -1028, 383, 93], [47, -713, 484, 77], [159, 2175, 2295, 2], [51, -306, 191, 62], [385, 3225, 1778, 3]]"
1765545792.520858,"[[-374, -1119, 818, 99], [-364, 408, 1023, 58], [-35, 319, 250, 40], [-457, 3219, 2162, 0]]","[[309, 295, 2202, 57], [319, -1074, 383, 94], [47, -759, 484, 78], [159, 2128, 2295, 3], [51, -352, 191, 63], [378, 3031, 1778, 0]]"
1765545792.587288,"[[-374, -1153, 818, 100], [-364, 373, 1023, 59], [-35, 284, 250, 41], [-457, 3184, 2162, 1]]","[[309, 260, 2202, 58], [319, -1108, 383, 95], [47, -793, 484, 79], [159, 2093, 2295, 4], [51, -386, 191, 64], [428, 3129, 1778, 0]]"
1765545792.6527903,"[[-374, -1181, 818, 101], [-364, 344, 1023, 60], [-35, 255, 250, 42], [-431, 3164, 2162, 0]]","[[309, 231, 2202, 59], [319, -1136, 383, 96], [47, -821, 484, 80], [51, -414, 191, 65], [434, 3099, 1778, 0]]"
1765545792.7273407,"[[-374, -1209, 818, 102], [-364, 315, 1023, 61], [-35, 226, 250, 43], [-428, 3132, 2162, 0]]","[[309, 202, 2202, 60], [319, -1164, 383, 97], [47, -849, 484, 81], [51, -442, 191, 66], [437, 3070, 1778, 0]]"
1765545792.7959216,"[[-374, -1237, 818, 103], [-364, 286, 1023, 62], [-35, 197, 250, 44], [-382, 3103, 2162, 0]]","[[309, 173, 2202, 61], [319, -1192, 383, 98], [47, -877, 484, 82], [51, -470, 191, 67], [444, 3036, 1778, 0]]"
1765545792.8617144,"[[-374, -1271, 818, 104], [-364, 251, 1023, 63], [-35, 162, 250, 45], [-412, 3079, 2162, 0]]","[[309, 138, 2202, 62], [319, -1226, 383, 99], [47, -911, 484, 83], [51, -504, 191, 68], [451, 2997, 1778, 0]]"
1765545792.936772,"[[-373, -1299, 818, 105], [-363, 222, 1023, 64], [-34, 133, 250, 46], [-404, 3052, 2162, 0]]","[[309, 109, 2202, 63], [319, -1254, 383, 100], [47, -939, 484, 84], [51, -532, 191, 69], [456, 2961, 1778, 0]]"
1765545793.0045226,"[[-373, -1327, 818, 106], [-363, 193, 1023, 65], [-34, 104, 250, 47], [-399, 3021, 2162, 0]]","[[309, 80, 2202, 64], [319, -1282, 383, 101], [47, -967, 484, 85], [51, -560, 191, 70], [461, 2929, 1778, 0]]"
1765545793.0711691,"[[-373, -1361, 818, 107], [-363, 158, 1023, 66], [-34, 69, 250, 48], [-393, 2989, 2162, 0]]","[[309, 45, 2202, 65], [319, -1316, 383, 102], [47, -1001, 484, 86], [51, -594, 191, 71], [463, 2888, 1778, 0]]"
1765545793.145913,"[[-373, -1389, 818, 108], [-363, 129, 1023, 67], [-34, 40, 250, 49], [-393, 2960, 2162, 1]]","[[309, 16, 2202, 66], [319, -1344, 383, 103], [47, -1029, 484, 87], [51, -622, 191, 72], [466, 2845, 1778, 0]]"
1765545793.2173042,"[[-363, 82, 1023, 68], [-368, 2910, 2162, 0]]","[[319, -1390, 383, 104], [51, -668, 191, 73], [466, 2798, 1778, 1]]"
1765545793.2819867,"[[-363, 53, 1023, 69], [-368, 2881, 2162, 1]]","[[319, -1418, 383, 105], [51, -696, 191, 74], [466, 2769, 1778, 2], [347, 2490, 928, 0]]"
1765545793.3532588,"[[-363, 18, 1023, 70], [-368, 2846, 2162, 2]]","[[319, -1452, 383, 106], [51, -730, 191, 75], [481, 2718, 1778, 0], [347, 2455, 928, 1], [65, 1831, 209, 0]]"
1765545793.4278293,"[[-396, 2943, 2162, 0]]","[[51, -758, 191, 76], [477, 2686, 1778, 0], [347, 2426, 928, 2], [65, 1802, 209, 1]]"
1765545793.4935672,"[[-431, 3029, 2162, 0]]","[[51, -792, 191, 77], [477, 2653, 1778, 0], [347, 2391, 928, 3], [65, 1767, 209, 2]]"
1765545793.5628688,"[[-480, 3181, 2162, 0]]","[[51, -826, 191, 78], [477, 2620, 1778, 0], [347, 2356, 928, 4], [65, 1732, 209, 3]]"
1765545793.6458926,"[[-480, 3152, 2162, 1]]","[[51, -854, 191, 79], [477, 2592, 1778, 0], [40, 1682, 209, 0]]"
1765545793.711712,"[[-480, 3111, 2162, 2], [-366, 2721, 1313, 0]]","[[51, -894, 191, 80], [479, 2567, 1778, 0], [39, 1641, 209, 1]]"
1765545793.7722,"[[-480, 3093, 2162, 3], [-363, 2706, 1313, 0]]","[[51, -911, 191, 81], [488, 2537, 1778, 0], [39, 1623, 209, 2]]"
1765545793.8442562,"[[-480, 3052, 2162, 4], [-343, 2644, 1313, 0]]","[[51, -951, 191, 82], [504, 2510, 1778, 0], [39, 1582, 209, 3]]"
1765545793.9133155,"[[-343, 2620, 1313, 1]]","[[51, -974, 191, 83], [520, 2465, 1778, 0], [38, 1558, 209, 4]]"
1765545793.9761481,"[[-343, 2608, 1313, 2], [-663, 3852, 2423, 0]]","[[51, -985, 191, 84], [508, 2439, 1778, 0], [38, 1546, 209, 5]]"
1765545794.04718,"[[-343, 2573, 1313, 3], [-624, 3844, 2423, 0]]","[[51, -1019, 191, 85], [507, 2437, 1778, 0], [37, 1511, 209, 6]]"
1765545794.115571,"[[-343, 2544, 1313, 4], [-578, 3843, 2423, 0]]","[[51, -1047, 191, 86], [473, 2375, 1778, 0], [37, 1482, 209, 7]]"
1765545794.1775444,"[[-466, 3531, 2423, 0]]","[[51, -1070, 191, 87], [472, 2351, 1778, 1], [37, 1458, 209, 8]]"
1765545794.2476103,"[[-466, 3507, 2423, 1]]","[[51, -1093, 191, 88], [472, 2327, 1778, 2], [37, 1434, 209, 9]]"
1765545794.313048,"[[-466, 3478, 2423, 2]]","[[51, -1121, 191, 89], [472, 2298, 1778, 3], [37, 1405, 209, 10]]"
1765545794.3784091,"[[-466, 3454, 2423, 3]]","[[51, -1144, 191, 90], [471, 2274, 1778, 4], [37, 1381, 209, 11]]"
1765545794.4487798,"[[-466, 3430, 2423, 4], [-84, 2048, 631, 0]]","[[51, -1167, 191, 91], [471, 2250, 1778, 5], [37, 1357, 209, 12]]"
1765545794.5120952,"[[-84, 2019, 631, 1], [-118, 2375, 980, 0]]","[[51, -1195, 191, 92], [471, 2221, 1778, 6], [37, 1328, 209, 13]]"
1765545794.5712976,"[[-84, 2007, 631, 2], [-118, 2363, 980, 1]]","[[51, -1206, 191, 93], [471, 2209, 1778, 7], [37, 1316, 209, 14]]"
1765545794.6437068,"[[-31, 1829, 631, 0], [-118, 2328, 980, 2]]","[[51, -1240, 191, 94], [470, 2174, 1778, 8], [37, 1281, 209, 15]]"
1765545794.7099192,"[[-31, 1800, 631, 1], [-118, 2299, 980, 3]]","[[51, -1268, 191, 95], [470, 2145, 1778, 9], [37, 1252, 209, 16]]"
1765545794.7716131,"[[-31, 1771, 631, 2], [-118, 2270, 980, 4]]","[[51, -1296, 191, 96], [469, 2116, 1778, 10], [37, 1223, 209, 17]]"
1765545794.838232,"[[-31, 1742, 631, 3]]","[[51, -1324, 191, 97], [469, 2087, 1778, 11], [37, 1194, 209, 18]]"
1765545794.903213,"[[0, 1546, 631, 0]]","[[51, -1358, 191, 98], [469, 2052, 1778, 12], [37, 1159, 209, 19]]"
1765545794.9658985,"[[0, 1534, 631, 1]]","[[51, -1369, 191, 99], [469, 2040, 1778, 13], [37, 1147, 209, 20]]"
1765545795.038421,"[[0, 1487, 631, 2], [70, 3091, 1711, 0]]","[[51, -1415, 191, 100], [468, 1993, 1778, 14], [37, 1100, 209, 21]]"
1765545795.1017776,"[[0, 1452, 631, 3], [70, 3056, 1711, 1]]","[[51, -1449, 191, 101], [468, 1958, 1778, 15], [37, 1065, 209, 22]]"
1765545795.15888,"[[0, 1434, 631, 4], [70, 3038, 1711, 2]]","[[51, -1466, 191, 102], [468, 1940, 1778, 16], [37, 1047, 209, 23]]"
1765545795.2262988,"[[0, 1405, 631, 5], [70, 3009, 1711, 3]]","[[51, -1494, 191, 103], [468, 1911, 1778, 17], [37, 1018, 209, 24]]"
1765545795.288267,"[[0, 1370, 631, 6], [70, 2974, 1711, 4]]","[[51, -1528, 191, 104], [468, 1876, 1778, 18], [37, 983, 209, 25]]"
1765545795.3468757,"[[0, 1335, 631, 7], [122, 2167, 816, 0]]","[[51, -1562, 191, 105], [468, 1841, 1778, 19], [37, 948, 209, 26]]"
1765545795.4107666,"[[0, 1306, 631, 8], [122, 2138, 816, 1]]","[[51, -1590, 191, 106], [468, 1812, 1778, 20], [37, 919, 209, 27]]"
1765545795.4713151,"[[0, 1277, 631, 9], [122, 2109, 816, 2]]","[[50, -1618, 191, 107], [468, 1783, 1778, 21], [36, 890, 209, 28]]"
1765545795.5286486,"[[0, 1259, 631, 10], [122, 2091, 816, 3]]","[[50, -1635, 191, 108], [468, 1765, 1778, 22], [36, 872, 209, 29]]"
1765545795.5968196,"[[0, 1212, 631, 11], [122, 2044, 816, 4]]","[[49, -1681, 191, 109], [468, 1718, 1778, 23], [35, 825, 209, 30]]"
1765545795.6583028,"[[0, 1194, 631, 12]]","[[49, -1698, 191, 110], [468, 1700, 1778, 24], [35, 807, 209, 31]]"
1765545795.7173033,"[[0, 1159, 631, 13]]","[[49, -1732, 191, 111], [468, 1665, 1778, 25], [35, 772, 209, 32]]"
1765545795.7840858,"[[0, 1124, 631, 14]]","[[49, -1766, 191, 112], [468, 1630, 1778, 26], [35, 737, 209, 33]]"
1765545795.8474402,"[[0, 1089, 631, 15]]","[[49, -1800, 191, 113], [468, 1595, 1778, 27], [35, 702, 209, 34]]"
1765545795.9073274,"[[0, 1054, 631, 16]]","[[48, -1834, 191, 114], [468, 1560, 1778, 28], [34, 667, 209, 35]]"
1765545795.9749,"[[0, 1013, 631, 17]]","[[48, -1874, 191, 115], [468, 1519, 1778, 29], [34, 626, 209, 36]]"
1765545796.0430815,"[[0, 972, 631, 18]]","[[48, -1914, 191, 116], [468, 1478, 1778, 30], [34, 585, 209, 37]]"
1765545796.1035194,"[[0, 931, 631, 19]]","[[48, -1954, 191, 117], [468, 1437, 1778, 31], [34, 544, 209, 38]]"
1765545796.171875,"[[0, 896, 631, 20], [920, 4183, 2951, 0]]","[[48, -1988, 191, 118], [468, 1402, 1778, 32], [34, 509, 209, 39]]"
1765545796.2360885,"[[0, 855, 631, 21], [920, 4142, 2951, 1]]","[[48, -2028, 191, 119], [468, 1361, 1778, 33], [34, 468, 209, 40]]"
1765545796.2922544,"[[0, 837, 631, 22], [920, 4124, 2951, 2]]","[[48, -2045, 191, 120], [468, 1343, 1778, 34], [34, 450, 209, 41]]"
1765545796.3590486,"[[0, 779, 631, 23], [920, 4066, 2951, 3]]","[[48, -2102, 191, 121], [468, 1285, 1778, 35], [34, 392, 209, 42]]"
1765545796.4229727,"[[0, 761, 631, 24], [920, 4048, 2951, 4]]","[[48, -2119, 191, 122], [468, 1267, 1778, 36], [34, 374, 209, 43]]"
1765545796.4820251,"[[0, 720, 631, 25]]","[[48, -2159, 191, 123], [468, 1226, 1778, 37], [34, 333, 209, 44]]"
1765545796.5507052,"[[0, 685, 631, 26]]","[[48, -2193, 191, 124], [468, 1191, 1778, 38], [34, 298, 209, 45]]"
1765545796.610889,"[[0, 650, 631, 27]]","[[48, -2227, 191, 125], [468, 1156, 1778, 39], [34, 263, 209, 46]]"
1765545796.6687994,"[[0, 615, 631, 28]]","[[48, -2261, 191, 126], [468, 1121, 1778, 40], [34, 228, 209, 47]]"
1765545796.7394762,"[[0, 586, 631, 29]]","[[48, -2289, 191, 127], [468, 1092, 1778, 41], [34, 199, 209, 48]]"
1765545796.804942,"[[0, 551, 631, 30]]","[[48, -2323, 191, 128], [468, 1057, 1778, 42], [34, 164, 209, 49]]"
1765545796.8649359,"[[0, 522, 631, 31], [503, 2581, 1220, 0]]","[[47, -2351, 191, 129], [467, 1028, 1778, 43], [33, 135, 209, 50]]"
1765545796.9321096,"[[0, 493, 631, 32], [482, 2560, 1220, 0]]","[[47, -2379, 191, 130], [467, 999, 1778, 44], [33, 106, 209, 51]]"
1765545796.9951465,"[[0, 464, 631, 33], [482, 2565, 1220, 0]]","[[46, -2407, 191, 131], [466, 970, 1778, 45], [32, 77, 209, 52]]"
1765545797.0540643,"[[0, 435, 631, 34], [480, 2573, 1220, 0]]","[[46, -2435, 191, 132], [466, 941, 1778, 46], [32, 48, 209, 53]]"
1765545797.1208556,"[[0, 400, 631, 35], [465, 2569, 1220, 0]]","[[46, -2469, 191, 133], [466, 906, 1778, 47], [32, 13, 209, 54]]"
1765545797.1871953,"[[0, 365, 631, 36], [453, 2568, 1220, 0]]","[[46, -2503, 191, 134], [466, 871, 1778, 48], [32, -21, 209, 55]]"
1765545797.2485936,"[[0, 353, 631, 37], [406, 2543, 1220, 0]]","[[46, -2514, 191, 135], [466, 859, 1778, 49], [32, -32, 209, 56]]"
1765545797.3173227,"[[0, 301, 631, 38], [348, 2458, 1220, 0]]","[[46, -2565, 191, 136], [466, 807, 1778, 50], [32, -83, 209, 57]]"
1765545797.3815227,"[[0, 283, 631, 39], [320, 2435, 1220, 0]]","[[46, -2582, 191, 137], [466, 789, 1778, 51], [32, -100, 209, 58]]"
1765545797.442167,"[[0, 254, 631, 40], [310, 2409, 1220, 0], [689, 3719, 2363, 0]]","[[45, -2610, 191, 138], [465, 760, 1778, 52], [31, -128, 209, 59]]"
1765545797.5130336,"[[0, 219, 631, 41], [305, 2380, 1220, 0], [689, 3684, 2363, 1]]","[[45, -2644, 191, 139], [465, 725, 1778, 53], [31, -162, 209, 60]]"
1765545797.5770621,"[[0, 190, 631, 42], [302, 2353, 1220, 0], [689, 3655, 2363, 2]]","[[45, -2672, 191, 140], [465, 696, 1778, 54], [31, -190, 209, 61]]"
1765545797.6367023,"[[0, 155, 631, 43], [298, 2335, 1220, 0], [689, 3620, 2363, 3]]","[[44, -2706, 191, 141], [464, 661, 1778, 55], [30, -224, 209, 62]]"
1765545797.7057493,"[[0, 126, 631, 44], [293, 2331, 1220, 0], [689, 3591, 2363, 4]]","[[44, -2734, 191, 142], [464, 632, 1778, 56], [30, -252, 209, 63]]"
1765545797.7749777,"[[0, 97, 631, 45], [282, 2321, 1220, 0]]","[[43, -2762, 191, 143], [463, 603, 1778, 57], [29, -280, 209, 64]]"
1765545797.8479242,"[[0, 50, 631, 46], [261, 2308, 1220, 0]]","[[43, -2808, 191, 144], [463, 556, 1778, 58], [29, -326, 209, 65]]"
1765545797.9183772,"[[0, 15, 631, 47], [225, 2260, 1220, 0]]","[[43, -2842, 191, 145], [463, 521, 1778, 59], [29, -360, 209, 66]]"
1765545797.9852943,"[[204, 2225, 1220, 0]]","[[463, 486, 1778, 60], [29, -394, 209, 67]]"
1765545798.0468643,"[[178, 2212, 1220, 0]]","[[463, 457, 1778, 61], [29, -422, 209, 68]]"
1765545798.118212,"[[169, 2202, 1220, 0]]","[[463, 428, 1778, 62], [29, -450, 209, 69]]"
1765545798.1826663,"[[169, 2184, 1220, 1]]","[[463, 410, 1778, 63], [29, -467, 209, 70]]"
1765545798.2473056,"[[169, 2166, 1220, 2]]","[[463, 392, 1778, 64], [29, -484, 209, 71]]"
1765545798.3151743,"[[105, 2032, 1220, 0]]","[[463, 380, 1778, 65], [29, -495, 209, 72]]"
1765545798.3799188,"[[178, 2115, 1220, 0]]","[[463, 368, 1778, 66], [29, -506, 209, 73]]"
1765545798.439852,"[[181, 2082, 1220, 0]]","[[463, 368, 1778, 67], [29, -506, 209, 74], [583, 2895, 1500, 0]]"
1765545798.5092506,"[[187, 2061, 1220, 0], [464, 3421, 1866, 0]]","[[463, 368, 1778, 68], [29, -506, 209, 75], [583, 2895, 1500, 1]]"
1765545798.5734277,"[[189, 2051, 1220, 0], [470, 3406, 1866, 0]]","[[463, 368, 1778, 69], [29, -506, 209, 76], [583, 2895, 1500, 2]]"
1765545798.633453,"[[190, 2043, 1220, 0], [473, 3404, 1866, 0], [944, 6088, 4686, 0]]","[[463, 368, 1778, 70], [29, -506, 209, 77], [583, 2895, 1500, 3]]"
1765545798.7024536,"[[191, 2042, 1220, 0], [433, 3360, 1866, 0], [944, 6088, 4686, 1]]","[[463, 368, 1778, 71], [29, -506, 209, 78], [583, 2895, 1500, 4]]"
1765545798.7658877,"[[192, 2042, 1220, 0], [477, 3405, 1866, 0], [944, 6088, 4686, 2]]","[[463, 368, 1778, 72], [29, -506, 209, 79]]"
1765545798.8296556,"[[193, 2043, 1220, 0], [421, 3295, 1866, 0], [944, 6088, 4686, 3]]","[[463, 368, 1778, 73], [29, -506, 209, 80]]"
1765545798.8908992,"[[193, 2043, 1220, 0], [368, 3057, 1866, 0], [944, 6088, 4686, 4]]","[[463, 368, 1778, 74], [29, -506, 209, 81]]"
1765545798.9546404,"[[193, 2043, 1220, 0], [368, 3057, 1866, 1]]","[[463, 368, 1778, 75], [29, -506, 209, 82]]"
1765545799.0156078,"[[195, 2040, 1220, 0], [430, 3278, 1866, 0]]","[[463, 368, 1778, 76], [29, -506, 209, 83]]"
1765545799.0840402,"[[196, 2038, 1220, 0], [495, 3398, 1866, 0]]","[[463, 368, 1778, 77], [29, -506, 209, 84]]"
1765545799.1502614,"[[197, 2037, 1220, 0], [500, 3393, 1866, 0]]","[[463, 368, 1778, 78], [29, -506, 209, 85]]"
1765545799.211091,"[[198, 2038, 1220, 0], [504, 3395, 1866, 0]]","[[463, 368, 1778, 79], [29, -506, 209, 86]]"
1765545799.2710533,"[[199, 2038, 1220, 0], [504, 3395, 1866, 0]]","[[463, 368, 1778, 80], [29, -506, 209, 87]]"
1765545799.3389559,"[[199, 2038, 1220, 0], [504, 3395, 1866, 0]]","[[463, 368, 1778, 81], [29, -506, 209, 88]]"
1765545799.4028544,"[[199, 2038, 1220, 0], [508, 3396, 1866, 0]]","[[463, 368, 1778, 82], [29, -506, 209, 89]]"
1765545799.4635715,"[[199, 2038, 1220, 0], [508, 3396, 1866, 0], [1001, 6063, 4675, 0]]","[[463, 368, 1778, 83], [29, -506, 209, 90]]"
1765545799.5337174,"[[199, 2038, 1220, 0], [508, 3396, 1866, 0], [1001, 6063, 4675, 0]]","[[463, 368, 1778, 84], [29, -506, 209, 91]]"
1765545799.60223,"[[199, 2038, 1220, 0], [507, 3395, 1866, 0], [1000, 6060, 4675, 0]]","[[463, 368, 1778, 85], [29, -506, 209, 92]]"
1765545799.6668224,"[[199, 2038, 1220, 0], [507, 3394, 1866, 0], [1002, 6069, 4675, 0]]","[[463, 368, 1778, 86], [29, -506, 209, 93]]"
1765545799.7365487,"[[199, 2038, 1220, 0], [507, 3394, 1866, 0], [1002, 6069, 4675, 0]]","[[463, 368, 1778, 87], [29, -506, 209, 94]]"
1765545799.8009353,"[[199, 2038, 1220, 0], [507, 3395, 1866, 0], [1002, 6071, 4675, 0]]","[[463, 368, 1778, 88], [29, -506, 209, 95]]"
1765545799.8623312,"[[199, 2038, 1220, 0], [507, 3394, 1866, 0], [1001, 6066, 4675, 0]]","[[463, 368, 1778, 89], [29, -506, 209, 96]]"
1765545799.9350395,"[[199, 2038, 1220, 0], [507, 3395, 1866, 0], [1002, 6070, 4675, 0]]","[[463, 368, 1778, 90], [29, -506, 209, 97]]"
1765545800.0000818,"[[199, 2038, 1220, 0], [507, 3395, 1866, 0], [1002, 6070, 4675, 0]]","[[463, 368, 1778, 91], [29, -506, 209, 98]]"
1765545800.061415,"[[199, 2038, 1220, 0], [507, 3395, 1866, 0], [1000, 6060, 4675, 0]]","[[463, 368, 1778, 92], [29, -506, 209, 99]]"
1765545800.1316164,"[[199, 2038, 1220, 0], [507, 3395, 1866, 0], [1002, 6067, 4675, 0]]","[[463, 368, 1778, 93], [29, -506, 209, 100]]"
1765545800.1975358,"[[199, 2038, 1220, 0], [507, 3394, 1866, 0], [1002, 6067, 4675, 0]]","[[463, 368, 1778, 94], [29, -506, 209, 101]]"
1765545800.2606063,"[[199, 2038, 1220, 0], [507, 3395, 1866, 0], [1002, 6068, 4675, 0]]","[[463, 368, 1778, 95], [29, -506, 209, 102]]"
1765545800.3321395,"[[199, 2038, 1220, 0], [507, 3395, 1866, 0], [1002, 6069, 4675, 0]]","[[463, 368, 1778, 96], [29, -506, 209, 103]]"
1765545800.4002662,"[[199, 2038, 1220, 0], [507, 3394, 1866, 0], [1002, 6067, 4675, 0]]","[[463, 368, 1778, 97], [29, -506, 209, 104]]"
1765545800.462283,"[[199, 2038, 1220, 0], [507, 3393, 1866, 0], [1001, 6066, 4675, 0]]","[[463, 368, 1778, 98], [29, -506, 209, 105]]"
1765545800.523231,"[[199, 2038, 1220, 0], [507, 3394, 1866, 0], [1003, 6072, 4675, 0]]","[[463, 368, 1778, 99], [29, -506, 209, 106]]"
1765545800.5942876,"[[199, 2038, 1220, 0], [507, 3395, 1866, 0], [1001, 6065, 4675, 0]]","[[463, 368, 1778, 100], [29, -506, 209, 107]]"
1765545800.6635902,"[[199, 2038, 1220, 0], [507, 3395, 1866, 0], [1002, 6071, 4675, 0]]","[[463, 368, 1778, 101], [29, -506, 209, 108]]"
1765545800.7291956,"[[199, 2038, 1220, 0], [507, 3394, 1866, 0], [1002, 6071, 4675, 1]]","[[463, 368, 1778, 102], [29, -506, 209, 109]]"
1765545800.7901433,"[[199, 2038, 1220, 0], [507, 3394, 1866, 0], [1002, 6067, 4675, 0]]","[[463, 368, 1778, 103], [29, -506, 209, 110]]"
1765545800.8612583,"[[199, 2038, 1220, 0], [507, 3394, 1866, 0], [1002, 6070, 4675, 0]]","[[463, 368, 1778, 104], [29, -506, 209, 111]]"
1765545800.929517,"[[199, 2038, 1220, 0], [507, 3395, 1866, 0], [1002, 6071, 4675, 0]]","[[463, 368, 1778, 105], [29, -506, 209, 112]]"
1765545800.9924853,"[[199, 2038, 1220, 0], [507, 3394, 1866, 0], [1001, 6065, 4675, 0]]","[[463, 368, 1778, 106], [29, -506, 209, 113]]"
1765545801.054275,"[[199, 2038, 1220, 0], [507, 3394, 1866, 0], [1001, 6064, 4675, 0]]","[[463, 368, 1778, 107], [29, -506, 209, 114]]"
1765545801.1211867,"[[199, 2038, 1220, 0], [507, 3393, 1866, 0], [1002, 6067, 4675, 0]]","[[463, 368, 1778, 108], [29, -506, 209, 115]]"
1765545801.1866305,"[[199, 2038, 1220, 0], [507, 3395, 1866, 0], [1002, 6067, 4675, 0]]","[[463, 368, 1778, 109], [29, -506, 209, 116]]"
1765545801.2477353,"[[199, 2038, 1220, 0], [508, 3396, 1866, 0], [1003, 6074, 4675, 0]]","[[463, 368, 1778, 110], [29, -506, 209, 117]]"
1765545801.3157165,"[[199, 2038, 1220, 0], [507, 3394, 1866, 0], [1002, 6069, 4675, 0]]","[[463, 368, 1778, 111], [29, -506, 209, 118]]"
1765545801.3851252,"[[199, 2038, 1220, 0], [504, 3395, 1866, 0], [1000, 6059, 4675, 0]]","[[463, 368, 1778, 112], [29, -506, 209, 119]]"
1765545801.4476461,"[[199, 2038, 1220, 0], [507, 3395, 1866, 0], [1003, 6074, 4675, 0]]","[[463, 368, 1778, 113], [29, -506, 209, 120]]"
1765545801.5184042,"[[199, 2038, 1220, 0], [507, 3394, 1866, 0], [1001, 6066, 4675, 0]]","[[463, 368, 1778, 114], [29, -506, 209, 121]]"
1765545801.5827653,"[[199, 2038, 1220, 0], [507, 3393, 1866, 0], [1002, 6070, 4675, 0]]","[[463, 368, 1778, 115], [29, -506, 209, 122]]"
1765545801.644047,"[[199, 2038, 1220, 0], [507, 3394, 1866, 0], [1003, 6074, 4675, 0]]","[[463, 368, 1778, 116], [29, -506, 209, 123]]"
1765545801.7151778,"[[199, 2038, 1220, 0], [507, 3395, 1866, 0], [1002, 6067, 4675, 0]]","[[463, 368, 1778, 117], [29, -506, 209, 124]]"
1765545801.7790906,"[[199, 2038, 1220, 0], [507, 3393, 1866, 0], [1001, 6066, 4675, 0]]","[[463, 368, 1778, 118], [29, -506, 209, 125]]"
1765545801.8399773,"[[199, 2038, 1220, 0], [508, 3396, 1866, 0], [1001, 6064, 4675, 0]]","[[463, 368, 1778, 119], [29, -506, 209, 126]]"
1765545801.905163,"[[199, 2038, 1220, 0], [507, 3393, 1866, 0], [1003, 6072, 4675, 0]]","[[463, 368, 1778, 120], [29, -506, 209, 127]]"
1765545801.9676735,"[[199, 2038, 1220, 0], [507, 3395, 1866, 0], [1002, 6070, 4675, 0]]","[[463, 368, 1778, 121], [29, -506, 209, 128]]"
1765545802.028195,"[[199, 2038, 1220, 0], [507, 3395, 1866, 0], [1002, 6070, 4675, 0]]","[[463, 368, 1778, 122], [29, -506, 209, 129]]"
1765545802.0991924,"[[199, 2038, 1220, 0], [507, 3395, 1866, 0], [1002, 6069, 4675, 0]]","[[463, 368, 1778, 123], [29, -506, 209, 130]]"
1765545802.1670291,"[[199, 2038, 1220, 0], [507, 3395, 1866, 0], [1000, 6059, 4675, 0]]","[[463, 368, 1778, 124], [29, -506, 209, 131]]"
1765545802.2330925,"[[199, 2038, 1220, 0], [507, 3395, 1866, 0], [1001, 6062, 4675, 0]]","[[463, 368, 1778, 125], [29, -506, 209, 132]]"
1765545802.2936308,"[[199, 2038, 1220, 0], [507, 3394, 1866, 0], [1002, 6069, 4675, 0]]","[[463, 368, 1778, 126], [29, -506, 209, 133]]"
1765545802.3623767,"[[199, 2038, 1220, 0], [507, 3393, 1866, 0], [1002, 6067, 4675, 0]]","[[463, 368, 1778, 127], [29, -506, 209, 134]]"
1765545802.4290187,"[[199, 2038, 1220, 0], [507, 3394, 1866, 0], [1001, 6063, 4675, 0]]","[[463, 368, 1778, 128], [29, -506, 209, 135]]"
1765545802.4925911,"[[199, 2038, 1220, 0], [507, 3395, 1866, 0], [1001, 6063, 4675, 0]]","[[463, 368, 1778, 129], [29, -506, 209, 136]]"
1765545802.5662382,"[[199, 2038, 1220, 0], [507, 3395, 1866, 0], [1000, 6059, 4675, 0]]","[[463, 368, 1778, 130], [29, -506, 209, 137]]"
1765545802.6328456,"[[199, 2038, 1220, 0], [508, 3396, 1866, 0], [1002, 6067, 4675, 0]]","[[463, 368, 1778, 131], [29, -506, 209, 138]]"
1765545802.6963034,"[[199, 2038, 1220, 0], [507, 3393, 1866, 0], [1002, 6068, 4675, 0]]","[[463, 368, 1778, 132], [29, -506, 209, 139]]"
1765545802.767588,"[[199, 2038, 1220, 0], [507, 3394, 1866, 0], [1002, 6070, 4675, 0]]","[[463, 368, 1778, 133], [29, -506, 209, 140]]"
1765545802.8355694,"[[199, 2038, 1220, 0], [507, 3395, 1866, 0], [1002, 6067, 4675, 0]]","[[463, 368, 1778, 134], [29, -506, 209, 141]]"
1765545802.9009976,"[[199, 2038, 1220, 0], [507, 3393, 1866, 0], [1003, 6074, 4675, 0]]","[[463, 368, 1778, 135], [29, -506, 209, 142]]"
1765545802.972829,"[[199, 2038, 1220, 0], [507, 3393, 1866, 0], [1002, 6071, 4675, 0]]","[[463, 368, 1778, 136], [29, -506, 209, 143]]"
1765545803.0387013,"[[199, 2038, 1220, 0], [507, 3393, 1866, 0], [1003, 6072, 4675, 0]]","[[463, 368, 1778, 137], [29, -506, 209, 144]]"
1765545803.1027536,"[[199, 2038, 1220, 0], [507, 3394, 1866, 0], [1001, 6062, 4675, 0]]","[[463, 368, 1778, 138], [29, -506, 209, 145]]"
1765545803.1751735,"[[199, 2038, 1220, 0], [507, 3395, 1866, 0], [1001, 6066, 4675, 0]]","[[463, 368, 1778, 139], [29, -506, 209, 146]]"
1765545803.2395308,"[[199, 2038, 1220, 0], [508, 3396, 1866, 0], [1001, 6066, 4675, 0]]","[[463, 368, 1778, 140], [29, -506, 209, 147]]"
1765545803.3036036,"[[199, 2038, 1220, 0], [507, 3395, 1866, 0], [1002, 6067, 4675, 0]]","[[463, 368, 1778, 141], [29, -506, 209, 148]]"
1765545803.3651857,"[[199, 2038, 1220, 0], [507, 3393, 1866, 0], [1002, 6071, 4675, 0]]","[[463, 368, 1778, 142], [29, -506, 209, 149]]"
1765545803.4317794,"[[199, 2038, 1220, 0], [507, 3395, 1866, 0], [1001, 6065, 4675, 0]]","[[463, 368, 1778, 143], [29, -506, 209, 150]]"
1765545803.4962866,"[[199, 2038, 1220, 0], [507, 3395, 1866, 0], [1001, 6063, 4675, 0]]","[[463, 368, 1778, 144], [29, -506, 209, 151]]"
1765545803.5557764,"[[199, 2038, 1220, 0], [507, 3395, 1866, 0], [1002, 6069, 4675, 0]]","[[463, 368, 1778, 145], [29, -506, 209, 152]]"
1765545803.6243956,"[[199, 2038, 1220, 0], [507, 3394, 1866, 0], [1002, 6069, 4675, 0]]","[[463, 368, 1778, 146], [29, -506, 209, 153]]"
1765545803.6872509,"[[199, 2038, 1220, 0], [507, 3394, 1866, 0], [1003, 6075, 4675, 0]]","[[463, 368, 1778, 147], [29, -506, 209, 154]]"
1765545803.7480738,"[[199, 2038, 1220, 0], [507, 3395, 1866, 0], [1002, 6070, 4675, 0]]","[[463, 368, 1778, 148], [29, -506, 209, 155]]"
1765545803.8195095,"[[199, 2038, 1220, 0], [507, 3393, 1866, 0], [1002, 6071, 4675, 0]]","[[463, 368, 1778, 149], [29, -506, 209, 156]]"
1765545803.8831093,"[[199, 2038, 1220, 0], [507, 3394, 1866, 0], [1001, 6065, 4675, 0]]","[[463, 368, 1778, 150], [29, -506, 209, 157]]"
1765545803.9448667,"[[199, 2038, 1220, 0], [507, 3394, 1866, 0], [1002, 6070, 4675, 0]]","[[463, 368, 1778, 151], [29, -506, 209, 158]]"
1765545804.0133948,"[[199, 2038, 1220, 0], [507, 3395, 1866, 0], [1002, 6067, 4675, 0]]","[[463, 368, 1778, 152], [29, -506, 209, 159]]"
1765545804.0805552,"[[199, 2038, 1220, 0], [508, 3396, 1866, 0], [1002, 6067, 4675, 1]]","[[463, 368, 1778, 153], [29, -506, 209, 160]]"
1765545804.143232,"[[199, 2038, 1220, 0], [508, 3396, 1866, 0], [1002, 6070, 4675, 0]]","[[463, 368, 1778, 154], [29, -506, 209, 161]]"
1765545804.2073193,"[[199, 2038, 1220, 0], [507, 3394, 1866, 0], [1001, 6065, 4675, 0]]","[[463, 368, 1778, 155], [29, -506, 209, 162]]"
1765545804.2765453,"[[199, 2038, 1220, 0], [507, 3395, 1866, 0], [1001, 6064, 4675, 0]]","[[463, 368, 1778, 156], [29, -506, 209, 163]]"
1765545804.3437157,"[[199, 2038, 1220, 0], [507, 3393, 1866, 0], [1001, 6065, 4675, 0]]","[[463, 368, 1778, 157], [29, -506, 209, 164]]"
