1765545776.225352,90.0
1765545776.2960372,89.64486661989433
1765545776.365236,89.57760413579969
1765545776.4356687,91.89605003591547
1765545776.5012486,91.8752931056774
1765545776.5671933,91.8943198072966
1765545776.6382332,90.95852859074144
1765545776.7030787,91.10433259550724
1765545776.7678962,91.10583067522913
1765545776.8402576,91.0618588762229
1765545776.910832,91.12117645870569
1765545776.975743,91.63017335624426
1765545777.0480106,91.6073918561166
1765545777.1188388,91.62125273412835
1765545777.183348,91.63722590275792
1765545777.2560706,91.46144092027951
1765545777.3261683,91.6871431228496
1765545777.3911185,91.6364343825644
1765545777.4620144,91.60566138498041
1765545777.528123,91.71328328322909
1765545777.5930722,91.68380496824349
1765545777.665762,91.65614716028426
1765545777.7325819,91.60552865089375
1765545777.7961977,91.65737649221109
1765545777.868944,91.70125112185616
1765545777.9409328,91.59471594837389
1765545778.0046227,91.61547884450071
1765545778.0790474,91.73391553516251
1765545778.143396,91.61119483204068
1765545778.2076614,91.700358789711
1765545778.279311,91.70788548957981
1765545778.345947,91.54765693459089
1765545778.408264,91.64020654939235
1765545778.4775543,91.48407467831561
1765545778.5439327,91.89663015149775
1765545778.6077175,91.81737545044815
1765545778.6806278,91.61988621436375
1765545778.7478645,91.96466946670567
1765545778.8114672,91.60441159341994
1765545778.8842685,91.81829346305541
1765545778.953511,91.63307030417734
1765545779.0195818,91.44213915697266
1765545779.0938578,91.51813975113247
1765545779.1604764,91.49699281748958
1765545779.2251544,91.53321166932318
1765545779.2994087,91.62974234088229
1765545779.3651989,91.54871193288243
1765545779.4306493,91.53672678496388
1765545779.5027046,91.62576853084389
1765545779.569222,91.5061570194905
1765545779.6336007,91.51580103354058
1765545779.707941,91.55059296206308
1765545779.7748375,91.64632362214802
1765545779.8393846,91.53978310271818
1765545779.905004,91.6700664393216
1765545779.9706597,91.64353445976974
1765545780.0368986,91.51571638674282
1765545780.1002715,91.65480649098266
1765545780.1710591,91.52709165446858
1765545780.237295,91.80162489238317
1765545780.3010395,91.6698895685655
1765545780.3747237,91.8025253554101
1765545780.4425943,91.6411427776044
1765545780.5071127,91.64260767496923
1765545780.579708,91.80057379261241
1765545780.6478574,91.61288724080312
1765545780.713123,91.79262287718267
1765545780.7850027,91.72495914654152
1765545780.8537505,91.63351941591637
1765545780.9198096,91.65104504934064
1765545780.9829378,91.68278836601588
1765545781.0495372,91.8642932905083
1765545781.1166544,91.65929956291518
1765545781.1788032,91.69760712694175
1765545781.2496142,91.66766851141168
1765545781.313518,91.69030924383226
1765545781.377315,91.82322801544522
1765545781.4497273,91.64312722149344
1765545781.5161452,91.83896011861326
1765545781.580773,91.66540446916946
1765545781.6537294,91.67002908349572
1765545781.7200975,91.83816207304726
1765545781.7845275,91.67904491809183
1765545781.8572893,91.68112677098293
1765545781.9254744,91.87332605638623
1765545781.9899569,91.65030931370426
1765545782.061891,91.86426693985557
1765545782.128527,91.6891373323084
1765545782.191566,91.6910375348711
1765545782.2635598,91.68954387514512
1765545782.332405,91.67907485248402
1765545782.3963127,91.66213323975232
1765545782.460556,91.7257615511722
1765545782.5335243,91.85759292299296
1765545782.6022086,91.7149399246583
1765545782.6669366,91.69707889253546
1765545782.7394457,91.6614007026336
1765545782.8056915,91.65327137196073
1765545782.8705933,91.70310382276955
1765545782.9347312,91.83236920020249
1765545783.0068944,91.69018269723412
1765545783.0741227,91.87232206620779
1765545783.1384912,91.69785348531161
1765545783.210803,91.66360733194081
1765545783.277883,91.6509215425185
1765545783.3413134,91.86688103913465
1765545783.413593,91.6811121833409
1765545783.4822683,91.87199768549152
1765545783.5445032,91.70723078309048
1765545783.6150804,91.66758074083731
1765545783.681644,91.81280812113721
1765545783.7456093,91.69462219700405
1765545783.8164551,91.72894689499867
1765545783.8830893,91.67365336681269
1765545783.9476542,91.71454971535832
1765545784.0113695,91.66362447337308
1765545784.0789044,91.8559542338067
1765545784.146533,91.69994272884762
1765545784.2099216,91.65151393475327
1765545784.2809606,91.83723439635081
1765545784.3461866,91.70813513670284
1765545784.4092798,91.67054366257332
1765545784.4807515,91.87113624823574
1765545784.5467432,91.68943992904633
1765545784.6099038,91.71193488320384
1765545784.6800842,91.69190382157973
1765545784.74587,91.83789999472441
1765545784.8078942,91.71731872259028
1765545784.8794475,91.6902076552844
1765545784.9454648,91.59940954239522
1765545785.0098548,91.81308824864759
1765545785.0715637,91.85385598077939
1765545785.1429088,91.67600493293429
1765545785.2102878,91.6719870472715
1765545785.272413,91.69782566003221
1765545785.3428745,91.62201341947265
1765545785.4050825,91.64410183774314
1765545785.4693954,91.71798321631151
1765545785.5426378,91.72658421231925
1765545785.6095362,91.82858755475064
1765545785.6719315,91.54877013510702
1765545785.734765,90.75604351240902
1765545785.805688,90.30330851661724
1765545785.8698103,90.77956606287654
1765545785.931979,90.90431377597832
1765545786.004158,91.00701334592387
1765545786.0680137,90.95233749274614
1765545786.1310306,90.58718430821065
1765545786.2020142,90.64909142825623
1765545786.2701182,91.95316869376218
1765545786.3297343,90.99869634292354
1765545786.3984296,91.09129126594583
1765545786.462157,91.49846628838668
1765545786.5220249,91.61292209536109
1765545786.5921052,92.85665930917287
1765545786.6544445,92.71204312445357
1765545786.7163415,92.07789925143348
1765545786.7864025,92.33088409973382
1765545786.8560646,92.65410502510596
1765545786.9222124,92.57657697326991
1765545786.9979966,92.70149913303963
1765545787.0664182,92.2031938330028
1765545787.1340516,108.52541934382376
1765545787.2070735,104.92007305657437
1765545787.2759304,104.81478930233807
1765545787.3386009,95.90369155288914
1765545787.409193,96.94134235368664
1765545787.4770813,97.14133718367029
1765545787.540739,97.50472255714229
1765545787.6097424,97.68311158847762
1765545787.6741886,97.70112905382456
1765545787.734056,63.229866690828764
1765545787.8041081,85.08277971006213
1765545787.8688085,98.85668415719813
1765545787.9317317,95.08940299025473
1765545788.0028691,94.77963411633424
1765545788.073484,89.00995850479968
1765545788.138779,87.18790238676483
1765545788.205311,86.70042883100473
1765545788.280819,86.3444518532561
1765545788.3504624,73.27325709799054
1765545788.415383,75.95028579772288
1765545788.48751,88.68740765227056
1765545788.5561213,88.2548315168672
1765545788.6228535,89.38194959697263
1765545788.695154,93.19764957723997
1765545788.7603507,88.66666968855583
1765545788.8248565,87.1160815403898
1765545788.8945065,86.66866715595562
1765545788.9574122,77.23294313469478
1765545789.0200078,76.3810353254276
1765545789.0909817,69.70768498902292
1765545789.1559935,92.46365536383914
1765545789.2191396,82.86501274825203
1765545789.2904522,82.57361716914468
1765545789.3549683,82.40739198464621
1765545789.4161139,82.1773610165285
1765545789.485702,82.79904166460074
1765545789.5493877,83.0350576625612
1765545789.6106358,86.02748753003307
1765545789.6793888,87.84080547157083
1765545789.7446203,89.24595523118876
1765545789.8101249,91.43952996331905
1765545789.8721128,74.44645021098326
1765545789.9402378,90.82567512224946
1765545790.0033612,98.91901831050751
1765545790.0666714,96.06787479364739
1765545790.1360002,97.2458164606051
1765545790.2075472,99.30632162194917
1765545790.2716632,87.64310004225052
1765545790.3431935,88.07505341842959
1765545790.407664,88.3265910802604
1765545790.4693167,89.90791900969774
1765545790.5365674,88.70726592077258
1765545790.600494,91.66420102867158
1765545790.6624115,92.53402254935686
1765545790.7321937,103.46584865650559
1765545790.7953882,105.25388983442782
1765545790.8580177,109.40603881697412
1765545790.9275546,88.81376502980585
1765545790.992588,93.19739940876951
1765545791.0541813,93.07057064729482
1765545791.1238618,95.0804267078262
1765545791.1898208,96.7824164297704
1765545791.2515757,93.7953319959762
1765545791.3222077,93.42575038061607
1765545791.3862863,140.13911499263475
1765545791.4465523,156.1567644288299
1765545791.5162706,137.192114219952
1765545791.586178,96.28292364968165
1765545791.6502357,96.89343039635897
1765545791.712291,86.47040728794035
1765545791.7832155,92.18609616237687
1765545791.8490949,89.32916608047033
1765545791.9117103,102.40365434671178
1765545791.979301,100.31905992616201
1765545792.0502212,103.89418197395896
1765545792.1175747,96.08924965227435
1765545792.184137,92.38106115922312
1765545792.2541475,96.62909656458902
1765545792.323283,100.72362199346955
1765545792.3914092,96.0891705996946
1765545792.4575424,97.14503913320534
1765545792.5303998,97.44163348485986
1765545792.5965798,97.69979970386072
1765545792.6621342,100.7373305088951
1765545792.7366533,91.41305755259724
1765545792.8054225,91.04594147025587
1765545792.8710713,91.42410342956333
1765545792.946026,91.3214057180489
1765545793.0138457,92.50388602935647
1765545793.0802763,92.07876544023732
1765545793.1552334,91.9763701928313
1765545793.2227263,98.86538215452636
1765545793.2874777,104.12319814924743
1765545793.362365,104.64734287711072
1765545793.436539,132.07945056650516
1765545793.4989476,137.51377673854108
1765545793.5681622,147.17001605389254
1765545793.6512053,147.42361862673755
1765545793.723785,129.20705295406162
1765545793.7812903,128.9031451978136
1765545793.853073,126.34398998421324
1765545793.9255302,114.86385897850776
1765545793.9887948,119.86016289839449
1765545794.0599906,118.2923665556123
1765545794.1245146,116.58739740573557
1765545794.1864195,153.37033786098723
1765545794.2561977,151.4000988492345
1765545794.3215985,148.83330612597246
1765545794.3868883,147.34228846177132
1765545794.457394,103.8985819182637
1765545794.5208576,83.72719998973913
1765545794.580153,83.15539061747687
1765545794.6490524,80.95285287888534
1765545794.7150583,146.3117769082845
1765545794.7767801,142.19122394402996
1765545794.843459,38.74838812116538
1765545794.9083474,35.44236509465279
1765545794.970998,34.900234014327104
1765545795.0461233,31.05353728007185
1765545795.1102839,26.070211656465382
1765545795.1677346,23.695279853514563
1765545795.2351935,20.32220122344968
1765545795.2968717,16.498382661273595
1765545795.3553076,84.80735553926137
1765545795.4196615,81.88297764369452
1765545795.4800766,78.5161002932523
1765545795.5372381,76.39238021825719
1765545795.6054583,70.68744543964189
1765545795.6667023,96.03309639723328
1765545795.7259264,102.78749386894067
1765545795.7928922,102.14539409018224
1765545795.8560574,101.03734935304746
1765545795.9164505,99.62410318466677
1765545795.9836113,97.81791013652347
1765545796.0517817,99.71858164463413
1765545796.1122954,97.97933935270021
1765545796.2994182,22.270518347482877
1765545796.3047636,22.51162768838168
1765545796.3108206,22.509160033644918
1765545796.367123,22.357108154834904
1765545796.431085,22.257557080335204
1765545796.4905822,81.27670149652924
1765545796.5596032,38.390693209543116
1765545796.6198137,39.24153111105031
1765545796.6774607,40.66516182456055
1765545796.748248,42.23136654307744
1765545796.813576,126.3914278573539
1765545796.873733,116.30240258005799
1765545796.9409811,112.0912107466491
1765545797.003943,90.31799793452831
1765545797.063046,86.38579229506837
1765545797.1298497,81.12177048716201
1765545797.1962934,77.30491161859354
1765545797.2579412,71.97884491364233
1765545797.326233,63.06617861156505
1765545797.3907423,60.87790167675844
1765545797.4529953,164.0787461708046
1765545797.5226176,167.925231450591
1765545797.5878716,171.53920231341712
1765545797.6494293,175.97078609009537
1765545797.7182825,177.02775314238747
1765545797.7870905,56.962709904794515
1765545797.8584862,108.79417709583652
1765545797.92821,112.46252177645921
1765545797.994899,90.0
1765545798.0581563,90.0
1765545798.128578,90.0
1765545798.1939645,90.0
1765545798.2592492,90.0
1765545798.3239322,90.0
1765545798.3887072,90.0
1765545798.4520345,23.420117146208526
1765545798.5218678,5.9706316989469315
1765545798.5850844,5.376562317108068
1765545798.642897,2.5665489417750535
1765545798.7118635,3.044274279237939
1765545798.7750685,3.9755802751581797
1765545798.8386261,4.464449828789682
1765545798.8999665,3.1480615358966872
1765545798.9634047,2.804415320214048
1765545799.0243552,4.329716161591904
1765545799.0929468,4.894523831132602
1765545799.1593494,4.856318920823057
1765545799.2199538,4.8321163730579855
1765545799.2799697,4.828523376982943
1765545799.3478787,4.828523376982943
1765545799.4117496,4.811035886845573
1765545799.4766045,3.1842592720616807
1765545799.5459247,3.1842592720616807
1765545799.611482,3.1953680475600947
1765545799.6759276,3.2314639553382847
1765545799.7455013,3.2314639553382847
1765545799.8098843,3.2339433389904286
1765545799.8713565,3.242934953364937
1765545799.9476762,3.2374219979900545
1765545800.0090632,3.2374219979900545
1765545800.070477,3.1953680475600947
1765545800.1405365,3.2481480896892236
1765545800.2064276,3.2385695724530876
1765545800.2695394,3.244524309525147
1765545800.341044,3.2409489670439484
1765545800.4091892,3.2385695724530876
1765545800.4712358,3.2333438245745896
1765545800.5321746,3.2204856472089034
1765545800.6031823,3.256300251236027
1765545800.6725762,3.2339433389904286
1765545800.7380476,3.2245516190519936
1765545800.799014,3.2385695724530876
1765545800.870194,3.2279836585149724
1765545800.938391,3.2339433389904286
1765545801.0013566,3.246618532305334
1765545801.063257,3.250350710638557
1765545801.1300478,3.2290346318944643
1765545801.1955037,3.2481480896892236
1765545801.2567158,3.2228609527955285
1765545801.324598,3.2314639553382847
1765545801.3938837,3.306699296813605
1765545801.4566162,3.223124119779982
1765545801.5272627,3.242934953364937
1765545801.5917132,3.218588658775772
1765545801.6532598,3.213881278953309
1765545801.7241304,3.2481480896892236
1765545801.7876868,3.2333438245745896
1765545801.8491125,3.1813593201658676
1765545801.9141405,3.2111930207836537
1765545801.9766185,3.2374219979900545
1765545802.037182,3.2374219979900545
1765545802.1081667,3.2409489670439484
1765545802.175978,3.1983204681853152
1765545802.2420661,3.189024898056445
1765545802.302628,3.2314639553382847
1765545802.3736832,3.2290346318944643
1765545802.4397702,3.254131555604303
1765545802.5015707,3.1862256764868135
1765545802.5781672,3.1983204681853152
1765545802.6444256,3.2489710364012296
1765545802.7052553,3.2255043317815932
1765545802.7765198,3.2279836585149724
1765545802.8470838,3.2481480896892236
1765545802.9111366,3.204681448735826
1765545802.981824,3.215203161242812
1765545803.050005,3.2111930207836537
1765545803.113126,3.1802562178602045
1765545803.1866477,3.252569763259686
1765545803.248503,3.175703160079351
1765545803.312856,3.2481480896892236
1765545803.3744416,3.215203161242812
1765545803.4412487,3.256300251236027
1765545803.5055203,3.1862256764868135
1765545803.564942,3.2409489670439484
1765545803.6335242,3.2314639553382847
1765545803.696366,3.210651120288631
1765545803.7571964,3.2374219979900545
1765545803.82875,3.215203161242812
1765545803.892083,3.246618532305334
1765545803.953231,3.2279836585149724
1765545804.0227454,3.2481480896892236
1765545804.0900958,3.2489710364012296
1765545804.1538208,3.237789981985429
1765545804.2165382,3.246618532305334
1765545804.2857006,3.2600793951858407
